  -3.4604655131859046       -3.7370660910651012     
  0.77471737787003569       -5.9119744714848765E-002
  -3.3449705181855567       -3.7529646724333343     
  0.78956131695161225      -0.25028317795740124     
  -2.6673974089524428       -3.7696397295934925     
  -2.9276311542042879       -3.0232043933593316     
  -2.5000657929295786       -2.5676226869264780     
  -5.2822266325376086       -2.8725070975301028     
   6.2394457178678753       0.36727536419621487     
 -0.32291659470279299       -3.8793746523687433     
  -6.0613029214933993       -3.4294898370122500     
  -3.2245402704395238      -0.97676302515287061     
 -0.13840872150928668       -3.0750216553221983     
 -0.72269167943231916       -3.6429636249679733     
 -0.12706325589631895       -3.5170034670630304     
  -1.9607777058290399       -1.6469665324476168     
  -2.1247304249266636       -2.4635145013120412     
  -1.1002965859726306       -3.5175473627016922     
  -5.4802105556017802       -2.9507946855236891     
  -2.7251876977915939       -2.5255195776042969     
  -4.4501754933437017       -3.2271940450097905     
  -3.8222468260350722       -3.4069529715843676     
  -6.2348733450544485       -3.2275645194603393     
  -3.7754990459899149       -1.3242464459401468     
  -4.7793846055241005       -3.1076701859899445     
  -1.4331927907068092       -3.9684974971601408     
  -4.0447736394870297       -2.4421098265513725     
  -1.0016015061000265       -1.0273011452237395     
  -4.3539585662534519E-005  -1.0927046149716544     
  -1.8747817111621443       -2.4702354903893622     
  -3.3281238840619278      -0.98512628078538689     
 -0.73755014122627383       -3.1937586635941795     
  -4.8423001421899308       -2.4304325596199705     
  -2.0062690371734249       -1.7030265549980825     
   6.0312921419033954       0.46241935968984577     
  -2.5381139649551852       -2.4515307709213938     
 -0.41924714900287424       -3.8312520697211121     
  -6.1166541595727510       -3.4719251462577940     
  -1.0820470622550458       -3.8695849203820969     
  -5.2712127541633418       -3.3583232601581825     
  -1.4035905955790500       -1.0663168702841956     
 -0.46621245107717246       -2.2266412685875197     
   6.0321099924334582        1.0105980509118955     
 -0.68627582335000181       -1.2349623590848569     
   6.2580906310599493       0.71302216510942829     
  -3.5038362582609341       -2.4858542570255491     
  -3.3226793905201437       -2.3700408599195453     
   6.0202494475369450       0.56134559511891735     
 -0.60679036319005952       -2.6929592653850127     
  -3.5513982050561492       -2.1306542289792882     
  -3.0569906658122039       -2.4595854653806457     
   2.6724017699914131      -0.95930549363157591     
  -1.6760401158291691       -3.3511528028178272     
  -5.5177665679960821       -3.5735896159001626     
  -7.4063658328931581E-002  -3.0724185741300722     
  -2.2954262278265216       -2.9728081342562533     
  -4.8547192959999572       -4.1158110795315466     
  -4.4426655600249862       -2.3670290157021130     
  -1.6116459144797122       -1.3907795755337511     
 -0.32577077317286118       -1.7394647715173894     
  -1.2884807861995691      -0.74765609990344850     
 -0.59246015938667573       -2.2686437596141968     
  0.60924871092352773       -1.4153388114950478     
  -2.9029764132336253       -2.1033499501619026     
 -0.73363170440977998       -3.8428181613926737     
  -5.9087622159083866       -3.5271500574668244     
  -1.9367094911592218       -3.6160441414341720     
  -4.6427255331630102       -3.0325146677221029     
  -3.4466536821290985       -2.0257864148327749     
   3.2777914783094131      -0.40495462895545986     
   6.1304050756972090       0.71003264117860765     
  -1.9006608730781378       -2.5276709002262674     
  -5.3444091524853752       -2.8091324767880730     
 -0.63191236500660697      -0.92231353078316924     
  -4.1223464099980157E-002 -0.80155464640060314     
  -2.8703746228543232       -2.3587486982114312     
  -1.7444202789719780       -2.9500877629712661     
 -0.77671872225525396       -3.6518231672257597     
  -4.7521273581914913       -2.4031677163627996     
  -1.9787377906549579       -1.6311109868839622     
 -0.37640357578566297      -0.80865791117543062     
   5.5461998749411627        1.0122636198579396     
  -1.5869958529338617       -2.4192707402313616     
  -4.4093183489576662       -1.9512368579769725     
  -1.5756498331177096       -1.2151765800489782     
 -0.40466456247724364       -2.1296713710695223     
  -4.4131974484127729       -3.2964265492230789     
  -2.0180532182541913       -2.9300540182875161     
  -5.8862378324846549       -3.2481586109363474     
  -5.8081460451012727       -2.7193663744058219     
  -1.6707868925509406       -1.6657943745098653     
   5.4063271522402880        1.1051069640376903     
  -3.2600719820170854       -2.5077594613024865     
   6.0794263709776137       0.47775968395754104     
   1.3663655225140365       -2.0617937350091489     
  -2.3970627013544981       -1.8389839956951988     
  -5.8020851282575947       -2.9270505871145693     
  -2.3590370357578463       -2.5275917558497372     
  -6.0617154125614716       -3.5553712026346691     
  -4.1941681921332199       -1.9190206956911293     
 -0.83690633106481505       -1.9246091928716347     
  -2.8621129531539378       -1.8041558542599867     
  -1.5912828046642509       -3.5207655708930075     
  -2.6974409082876818      -0.43172019256714111     
  -9.1735973741413152E-002  -2.1309786019218646     
   6.1030651347682632       0.94341568948284538     
   2.7615270824888884E-002 -0.29138234511816319     
  -1.2897696060255694       -3.4105525202474301     
 -0.21653195530241473       -3.6672812033789572     
  -4.5947881523505112       -4.1197369219846580     
  -4.1478824381904520       -2.1162863803579324     
  -1.2136881572610769       -1.0556390733662118     
 -0.69679122022924078       -2.1027781264664962     
 -0.66099933829987623       -4.0089895724179687     
  -5.4511922273090265       -3.3650102761484995     
  -1.2393039570475151       -3.8510077904266273     
  -5.1164564133166079       -3.2831919784475376     
  -2.0332292190845038       -2.9588862216747729     
  -6.0920711357417305       -3.7443521379613363     
 -0.73089990128652682       -1.0086481758919903     
 -0.38418033241773292       -1.2509335837610704     
  0.22767253953799985        3.2915379802788976E-002
   5.8410221146593928       -1.3991044122860612E-003
  -1.4804796792198707       -1.0882899135700548     
 -0.35102829701745858       -2.2469602715997188     
  -1.3471942630024585       -1.9793245048880925     
 -0.67051687030010987       -2.5277576626274905     
 -0.93321165754680613       -1.2351888154705351     
 -0.65279533571792592       -1.7141403066975802     
  -1.2344626131457896       -2.6000383993480143     
  -4.5103254022950461       -1.9676860161769028     
 -0.12776327299013454       -1.5001991040104377     
   6.0968254756243345       0.89511460927012820     
   8.6054130062683254E-002  -2.5883857867909470E-002
  -1.9602106302490478       -1.0495614143888261     
  0.32434036555419504       0.24841010937366056     
  -5.0700013965235788       -3.5832427429809712     
  -2.6928950831925524      -0.55477922153768078     
  -9.0617153945890080E-002  -1.5899031670342572     
   8.0940122936308992E-002  -7.1096567818155265E-002
  -2.0869844364840278       -1.1224258487395615     
   5.1748478853343176       0.97455402974283378     
  0.61059758838147926       0.22257518689711747     
  -3.5198678919822273       -3.8085042582799895     
  -2.0035270881804270      -0.10857794919077964     
  -3.7911698976697759       -3.7801196504576597     
  -2.2248387482328789      -0.27453160469118104     
  -3.3225576326855837       -2.0247055332137647     
  -2.9577050822589470       -2.6767359750798114     
   2.2713529645174346       -1.3341447102397304     
  -5.7757041049072582       -3.7904905820141068     
  -1.7716868439793072       -1.5672487067953265     
   6.2450604527449070       0.95110821538965462     
   5.5892842552814148       0.95826727118377930     
 -0.80537985785316701       -2.3903471024504550     
   5.0648728279541197       0.87357640001139136     
  0.64219899590816465       0.12198571716960718     
  -1.8835978465025169        1.3152583385107740E-002
  0.72909106082885844       0.21656849431196468     
  -3.6532038999900744       -3.7504252027858267     
  -2.0211035984567993       -9.1040728680226612E-002
  -3.7144713920384818       -3.7425504227263606     
  -2.0415993471793290       -9.8253214308017658E-002
  -3.7453421057288603       -3.7449317950900429     
  -2.0529973027322086      -0.10330767848485789     
  0.73119144419026405       0.31543049982987531     
  -3.7842030686346413       -3.7522714953585736     
  0.71238686361490944       0.38506621225358068     
  -3.8674663929773221       -3.7844359424227330     
  -2.2277336517912301      -0.29976896429329669     
  0.35172737848448710       0.96426730301399433     
 -0.39321201299015873      -0.48757092524888473     
   2.0473924349831312       -1.4786787192993431     
 -0.95164649185777650       -2.3261874124428674     
  -1.6727030332960413       -1.7296709262462706     
  0.16592609560657962       -2.4950982975662712     
  -1.2019414381833551       -2.4699003878710868     
  -2.0992020738450203       -3.1494691273308305E-002
  0.81768118435239978       -7.0105131100151374E-002
  -1.9102305872247931       0.13924853240074395     
  0.78569359526398397      -0.23870431519848778     
  -2.7189690872761099       -3.7762742800137903     
  -1.3861181593143841       -2.9193017987466892     
  -3.2775390943899505      -0.95836421311036324     
 -0.33416268369642810       -3.1191592253249123     
 -0.86715664187187547       -3.9006561834812357     
  -2.8110210370731581      -0.54064624005853223     
  0.44450817781181212      -0.44225274869561620     
   5.8342832825211328       0.94239447452944547     
  -1.1900356773298562       -1.6629938459094635     
 -0.14848604570578555       -1.4153030514234504     
   6.0702214346755019       0.89537560783214365     
  -2.5681711477697933       -1.4808523341194595     
  -5.3153214309376420       -2.5632698112578831     
 -0.91190527957331946       -3.0212455443123694     
  -4.6468577087057428       -2.2261545633300854     
  -2.0021385269124718       -1.6000372822190163     
 -0.33999853192260182      -0.75117110985869018     
   5.6113106979090377       0.93987813251565056     
  -1.0615621954124528       -2.2896961955832031     
 -0.27678575650982118       -1.6075309752627851     
  0.26727298266184746       -7.7380953201354158E-002
   5.8909302230645162       0.14414481339097435     
 -0.68471010053668757       -2.6761323158394150     
  -1.2560786325131978       -3.3770548134445151     
 -0.37599442047621412       -3.6366984942932690     
  -5.8908557644957380       -3.2159165283872770     
 -0.60526767279189697       -2.9736783334500636     
  -1.1342960455137758      -0.91904328754086329     
 -0.82219019250880854       -2.0281964684653540     
  -2.2038312014644843       -2.6766473021536759     
 -0.68378127627972929       -3.7637776946446375     
  -6.1342084188474537       -3.5207205289981882     
  -4.1930503905037790       -1.9159073192995586     
 -0.81390816105198416       -1.9747547342508001     
  0.30941162427149960      -0.53202294351843937     
  -9.1377724208428449E-002  -2.2470115557880117     
   5.3950761719281664        1.0784242070233494     
   2.7082029545936415E-002   1.0246752040582288     
   5.9781469828196858       0.84408792208311212     
  -2.9429067710100290       -2.3729577019130375     
  -3.1572570656266530       -2.7117529120926824     
   5.3825593249193107       0.88138583415777139     
   1.7364150900408191       -1.6353677811668867     
 -0.58312945313447861       -2.2112117292760596     
   6.0971382555242162        1.0000245241088241     
   6.1117876172295169       0.83029436539522838     
   5.3673308331868466       0.97422867831678539     
   5.0328426302650602        1.0436622850542649     
  0.56620150693416571      -0.91293638878881511     
  0.46011124671600862        2.7531188669284792E-004
  -1.3916353250991138       -3.9401041227651969     
   6.2422149505238060       0.17333250314571158     
  -2.9285917664342911       -1.6987967770359866     
  -1.4828815553756416       -3.4729892205663067     
  -5.7066948283622674       -3.6004297843928730     
  -1.5234133730979194       -3.7754855232825117     
  -4.8508146900302975       -3.1523582383990068     
  -4.5239530781967430       -4.1311939597845040     
  -4.1097135385184513       -2.1086031212765248     
 -0.69895508500734393       -2.0903459460638891     
  0.38724626572596665       0.11147969689145278     
  -5.5238018933938857       -3.3885672690659563     
  -3.0860626159214148      -0.71000345686227351     
  -4.1173834849397641       -4.0069880015890655     
  -3.4277747374970491       -1.4272293212969207     
  -4.6608802573642301       -3.1023473104796948     
 -0.94453420001961641       -4.0135639649727803     
  -4.5402607945999316       -3.8542101188522477     
  -3.4224675254984636       -1.3335255422561068     
  -1.8832028034365751       -3.5208247882399770     
  -4.6272371484657402       -3.1596824364430995     
  -4.3123773863696471       -2.2996385107777511     
  -1.5769065217010620       -1.3025297206918576     
 -0.41012012031202177       -1.9679416118552142     
  0.30481681958932444      -0.36715895338947507     
 -0.81023936987272405       -2.1392547079351902     
   6.2230079713242930       0.93401986223716216     
  0.50046091148183480       -2.3418743421603763     
  -1.0268667587305003       -2.5340516558119384     
  -2.7054210719824630       -3.8725825357446153     
  -3.9646691233428122       -1.4219093009244343     
  -2.6237743710699966      -0.46236178364701569     
  0.13759784931814051       -2.1964264726678771     
  0.76355066414009043       -1.1303838433503179     
  -2.2453115313203136       -1.3439998058524052     
  -1.2537905716902549       -1.5004404164347951     
 -0.44733589335661911       -1.7662253065244677     
  -2.8588814578859418       -1.7739512382443263     
  -1.5724843782360893       -3.4811998805033708     
  -3.0049549024199118      -0.80152265778972798     
  -3.7113124437694931       -1.6822750816552050     
  -2.8242360728444216       -2.6715705946652593     
 -0.55708917181475448       -2.9909345065799067     
  -4.3602443611535895       -1.8281592445080774     
  -1.2506180306257848      -0.99734817094924022     
 -0.65368908196174735       -2.1648772119570450     
  -3.3109787185934829       -2.0496444900568167     
  -2.2803390860867423       -2.6278082890125609     
  -6.1547198750269345       -3.5217880493031015     
  -4.1777140736890166       -1.8922634152345756     
 -0.93809929924446844      -0.82681069801798690     
 -0.79200632892431988       -1.6988808112680442     
   5.0769321223453714       0.93624137127669871     
  0.66897278694254869      -0.16860416131294481     
  -3.5970439066124751       -3.2456944636141372     
  -3.9447418769420062       -1.9758858642789539     
 -0.69191527582822399      -0.65119242776029340     
  -1.8525348593872659       -2.4943273490618498     
 -0.29350151849746564       -3.2633722143971990     
  -3.5637080175805220       -1.2761106879846771     
  -2.0018563040198805       -3.5923428799653445     
  -3.7722446798603828       -2.3236059096715165     
 -0.68276421479803684      -0.74101675207155016     
  -1.7490431326463884       -2.5118464131394078     
  -6.0785079096872856       -3.0846086703577908     
  -4.6088344140620459       -3.9757572294844259     
  -3.9734443317328494       -1.9029946826181208     
   6.1733408443716336       0.74336014436511366     
  -2.3139588475120298       -2.4761143611200658     
  -5.9717895881888330       -3.5941469984319618     
  -4.1954280058745557       -1.9248901013681459     
  -1.0431583060542453      -0.89835579165737323     
 -0.84863755199439395       -1.8926696444802626     
  -3.1088182392483086       -2.1321277841111477     
  -4.5130061610527035       -3.2577626822560259     
  -3.5122729154237380       -3.2779682678178115     
  -4.9447577142645969       -4.1980431373309859     
  -1.5224466294425103       -1.3715761871902885     
 -0.43632916646702974       -1.8822577477586127     
  -2.0063335026816294       -1.1261754263512427     
 -0.28261633763983346       -1.7517866742179271     
  0.29110793346519287       -9.7252885921112142E-002
   5.9024181651111487       0.33252216444389299     
  -2.1796307071000629       -2.1797267776521050     
 -0.42142880943840694       -3.2658368005592120     
   5.9691845753751016      -0.12098022552353531     
  -3.4530840587241087       -3.7416601095525004     
  0.77156704785828911       -4.0350249539530265E-002
  -3.3836938870097946       -3.7527125142537479     
  0.78061311857412463      -0.15158572606911974     
  -3.1115887316864264       -3.7545703174080898     
  -2.9550159791454829      -0.53235956500614212     
 -0.91605054658038021       -2.4662600229544815     
  0.61701780129978967       -1.1901302407921086     
  -2.7658571577961752       -1.7879604593217837     
 -0.12848877438774320       -3.6712563252078758     
  -5.6605777555880969       -3.0529270402489046     
  -2.1631024172108146       -1.0693352171625627     
  -2.3654346325602552E-002  -1.3953598056095513     
 -0.80044205315789207       -3.2082074520010568     
  -5.4822999072858005       -2.8583348094115535     
  -2.9767164416560772       -2.3896464797666059     
  -8.8305872584724554E-002  -3.8117095111757928     
  -5.9156742060947280       -3.2690658188300539     
  -2.2574216423791196       -1.8943390434857716     
  -5.3547398388565659       -2.6512059892651165     
  -1.7994911788891752       -1.7071858558784705     
  -1.6896320815415913       -1.8579712714852663     
 -0.59525624160569768       -1.6459074847418400     
  -8.1740581629272474E-002  -1.0735610452377555     
  -1.5064002430282737       -2.9935542179814663     
 -0.69886199245525127       -3.4957034359424251     
  -6.1864285759636513       -3.3293880309492443     
  -3.2155301153761191      -0.91228112718643906     
  -3.8858345524791447       -2.7029016300579087     
   6.2002480411790000       -5.8529475809323151E-003
 -0.23537271827791043       -3.8741560545186302     
  -6.0406219557353280       -3.3868225005753358     
  -3.0578101557742920      -0.78075792956478551     
  -3.8089970328816904       -3.4927280221478321     
  -1.1118995112746557      -0.89211832681059466     
 -0.85257351750546029       -1.9897705193380610     
  0.37072916595783639      -0.34076259178736196     
   5.6653370093628412      -0.29083706681645999     
  -1.7360069254690835      -0.95874999434530728     
  0.24757185713045041       -2.2741053254576418     
  -2.2047367620941167       -1.5812822454671684     
  -4.1894783124711497       -4.0290116646182348     
  -3.3841507803887527       -1.4073319682791150     
  -1.9075814569382827       -3.5762518116688375     
  -3.8463655413966551       -4.0011834625453302     
  -3.0068970066471334       -1.0360500775596044     
 -0.23207712054987029      -0.54690693886908381     
  -2.4433834370668106       -2.4121021444456661     
 -0.97875996514848362       -3.7342317542030652     
  -5.9195554809355020       -3.5730026946406643     
 -0.98197902429183981       -2.7607703344726691     
  -4.5038172353419723       -1.9530955245403023     
  -1.7540351618046515       -1.3191058939683447     
 -0.27080800405918870       -1.7011263951015092     
   5.8794500540643009        8.6700953689629948E-002
 -0.40273777563553764       -2.6718407668184034     
  -2.5312813230734115       -2.4130018703848211     
 -0.67530781516376126       -3.8058668256965036     
  -6.0408191238440230       -3.5181775421499295     
  -3.9443577056937964       -1.6867886980971862     
 -0.54597465453876604       -2.4397291793857856     
  -1.6865049625463522       -2.2294753562544449     
  -1.9755346574739929       -1.8797523092030488     
  -2.7124000021569614       -3.0490250954140681     
  -2.5003313110875589       -2.5905681289525022     
  -5.7005237305664131       -3.6992394753876314     
  -1.2529142164667775       -1.0298930580328598     
 -0.67561992795929360       -2.1381984636084685     
  0.25056998043449796       0.55232133828243468     
   5.6403517621153876      -0.26132198569898851     
  -2.6236815656087518       -1.5393718795455062     
  -5.7008271984198888       -2.8285531457302988     
   2.7768460141509316E-002 -0.65710092153548172     
  -3.2305967131188518       -2.1985125322130901     
  -1.3174682547667003       -2.7275504797323848     
  -4.8687466310139857       -2.3848444027614266     
  -3.6088771352042293       -3.3876897949800759     
  -3.0860985642327723       -3.0683269537425097     
   5.9245652349790472       0.76132621729325234     
  -4.1000904339956443E-002 -0.48046590853576254     
  -3.2164753851879109       -2.1712987566343132     
  -1.1366348419674983       -2.7328327553152105     
  0.62918717475012720       -2.4950300147963782     
  -1.9194333988119512       -2.2192645431786389     
  -4.9856914185751080       -2.4481469198355108     
  -2.0714133398161501       -1.8144597608703681     
 -0.35131199084550979       -3.7537335795796407     
  -6.1557370736295400       -3.3902241421513781     
 -0.47554100402933941       -3.1716965218100412     
  -3.7531111676379543       -1.4227279928489898     
 -0.94480757581064889       -3.8937133551569509     
  -5.3925263776450487       -3.4004058121228922     
  -4.3361888695816564       -4.0233846327585576     
  -3.7212295918391982       -1.6944789245861254     
   5.1243812813746228       0.85289764867670881     
  0.42946743192267628       0.66167665060648662     
 -0.27318863742264088       -2.7690344539614511     
  -1.6935858881801655       -2.5956676882107881     
  -1.2430385313071477       -2.9902416994682035     
  -6.2073737434945535       -3.1981183416379824     
  -2.0774865632612460       -1.9930310897407664     
  -2.1549285603908346       -1.7621261039032379     
 -0.70641029600887306       -3.0113322921844650     
  -1.8068818756609493       -3.7029776796833809     
  -4.6148564060083590       -2.9649335206372665     
  -3.8690794741236383       -2.7548192574825134     
   6.0843923506721982       0.61131188859731700     
  -1.0609660473247369       -3.5602956255291720     
 -0.10426637840410713       -3.6264420540115361     
 -0.25053503031941460      -0.54636695484425235     
  -2.2113669947554979       -2.4400126900702208     
  -1.0758920133995957       -3.5606344869415856     
  -6.1681285639645367E-002  -3.6339380124326266     
 -0.49646108625080987      -0.82687012046780761     
  0.18851599781779776        9.3982130961299981E-002
 -0.10164541102766037      -0.76651701325114407     
  -2.7260440516004176       -2.3723199594470965     
  -6.1395526560195846       -3.8112799287011088     
  -5.5978487889720752       -3.0742878413883443     
   3.7990066200432815       0.10858538437425541     
  0.88148335491218910      -0.53477374322303339     
 -0.15211901390823890       -3.9703395840404418     
  -5.8584770876200167       -3.3882852852535992     
  -2.9629376615476284       -2.5293838738030727     
   1.2633065309964455       -2.1254768192392866     
 -0.24186896800788554       -3.2067164552965530     
  -3.3940702751309297       -1.0429030464029905     
  -1.1582938905944222       -3.2922968729338637     
 -0.47232318645470878       -3.5306143891626824     
  -3.4999831622695052       -3.2921179139381214     
  -5.0026066465071448       -4.1971824020979343     
  -1.5199374628470972       -1.3662848443192379     
 -0.45618649611280815       -1.8823139214620146     
  0.26046597244106434      -0.48908701203554111     
  -2.0371661450833889       -1.1324289525616873     
  0.20925774173261569       0.37448479166276388     
   5.7709126376137281      -0.10015928286532451     
   5.5864000113566394       0.98077665778363798     
 -0.58159928344575007       -2.4413445631792232     
  -5.5329145634342884       -2.6435955668237217     
  -1.9256186478248416       -1.8118593814469242     
  0.14363152913726707        8.8022981454359481E-002
  -1.2077518903853939      -0.65524554221775722     
 -0.77988006276609678       -2.1714010688060230     
   5.7955722599626878        1.0990606813199102     
 -0.89895117569179217       -1.2188721425956122     
 -0.63446380539846692       -1.6505117485893330     
 -0.83030763811332831       -2.6469230831418673     
  -3.4545814262148653       -3.9080716265794080     
  -2.0342699074202804      -0.19785260667549054     
  0.61466821304270536       0.58729092356033363     
  -2.1346694198340028      -0.25419098050721456     
  0.52747614409402821       0.75509486357463451     
  0.58348201343193162       -2.5356155773613329     
  -1.9259127434189269       -2.1834229456229188     
  -2.1183739209028816       -1.8104927796756758     
 -0.22578265125044517       -2.9598924840810588     
  -3.9117510705721612       -1.8526730217784522     
   5.9835689457800267      -0.11898912497159750     
  -2.7563744026151480       -2.4304399754544019     
  -4.7539157663315308       -3.3600492303946683     
  -2.1374079760146718       -2.0338239088183774     
  -5.4535766837596951       -2.7280027252710179     
 -0.25109810399124227       -1.6058468454413264     
  0.26885717958622418        3.4486164990287164E-002
   5.5093142580120986       0.75943853798501093     
  -1.1976626954564664       -2.1679574893082734     
 -0.11744134659804589      -0.42752605713470004     
  -3.2911470021557454       -2.3157932737506779     
   5.2234170636564228       0.84282138247564442     
   5.5279680688008872        1.1920851388554383     
   5.5268974836864566E-003 -0.34472502344094424     
  -3.0452041953833544       -1.8812101920921083     
  -5.2331231399905036       -3.3864259706382280     
  -3.3893481235189267      -0.95383007618447302     
 -0.75121559110361769       -3.2274899056147799     
  -5.4332582120354216       -2.8381004760055566     
   3.8576103777458424       0.16505853938588919     
  0.84299325412629567      -0.77983716526799973     
  -1.9454850874684599       -2.5143649162397805     
 -0.76388516350438074       -3.3943776451699046     
  -6.0580087565413434       -3.2355717256564245     
  -4.6164526415295208       -2.0182731360089705     
  -1.6970356111385494       -1.9490082870554355     
  -3.8506788244027987       -2.6561436860927636     
  -3.2451622517403176       -2.3747498365082111     
 -0.96824476352520372       -2.3220295755063707     
  -1.5893767674228036       -1.6688940212223364     
  -1.8821617338527477       -3.8926632721189458     
 -0.87050243861972132       0.76849198259420182     
 -0.44541672342194616       -2.4499050081012976     
  -1.4596209167916896       -2.3527362258631279     
  -6.0486175178468864       -3.1549618375847834     
  -2.2071126951961286       -2.9614314612395081     
  -2.6081847996201484      -0.39602316890455980     
   1.1719171027144659       -1.9069650039489250     
  -2.5019713013084099       -1.9293899343057137     
 -0.89707628532465622       -3.3485616007379475     
  -3.4957423194062494       -1.2186951546675089     
  -2.0082139654937312       -3.4710949080193352     
  -4.0398706863211418       -4.0402872946971939     
  -3.3376537918008236       -1.3436802832989199     
  -1.7809474822035125       -3.4671820006266882     
  -4.7987442159684059       -3.2752069189816786     
  -2.8695320375781588       -2.6358927313763885     
  0.23518910882645910       -2.6162014261703375     
  -1.8955682450948790       -2.0921093195512026     
  -4.7266491114373466       -2.1635161323862571     
  -3.3846859833284579       -3.2891211353149914     
  -4.3807984268449927       -4.1297670060129725     
   6.0434644327565170       0.32261042452188782     
  -3.1948637327703429       -2.4541204286014562     
   5.2095896211851755       0.84828871073803758     
   5.8569009842295250        1.1969784695864620     
  -1.7618812262411485       -1.8824601384896058     
  -3.3721698105055671       -2.5895099429468216     
  -3.4282582803631088       -2.2506350012427685     
   6.0562219991636015       0.45910604850885312     
  -2.7827415613722248       -2.4587158544624965     
  -4.1082777485403312       -3.0615554849836855     
  -6.1611944191399042       -3.0422860449634710     
  -4.7344132144521058       -4.0894986118401508     
  -4.1536140157897821       -2.1302605765635154     
  -1.3719549312073684       -1.1363733014877504     
  0.22894243805204939       0.57939615264514066     
  -1.1781875222874372      -0.62284356414435349     
   6.1475962510262470       0.97669410458267536     
   1.1183680730668378E-002 -0.32397786235468057     
  -2.9280930541722654       -1.8024540422289219     
  -1.6164583531078263       -3.5822639021900033     
  -5.3735453824660446       -2.5123834752175482     
  -2.1015486747667325       -2.0094179405596897     
  -2.1464781691759169       -1.8215080978258837     
  -5.6700084578225045       -2.7010081415893366     
  -1.7526574204258563       -1.7082691613264587     
  -1.5808811692094327       -2.2303161752012199     
  -3.3858389795482648       -2.7532783613000373     
   5.8234271243618991       0.82141101339946099     
 -0.79721388571743201       -1.3872289047590238     
 -0.45703794019970334       -1.5000920833738400     
  -3.1012963489468750       -2.0533954197198692     
  -5.6522874317612635       -3.7178319500891526     
  -1.2642374264172949       -1.0349678645419209     
 -0.66668980592546090       -2.1431440775794783     
  0.23231521384903717       0.58550502283037831     
  -1.1348677842317763      -0.60532428665541449     
  0.32886564343880237       0.41660300132740713     
  -4.6045664384801732       -3.3743395908130518     
  -2.1504561796328976       -2.0307738030120643     
  -5.4981007009213192       -2.7490446560156143     
  -1.3818376001657731       -1.4379363870898367     
 -0.45323166048735064       -1.8401581117957317     
  -2.5674842290740036       -1.5179702905172399     
  -5.3065418041142145       -2.5760563871329794     
  -1.9769334341628235       -1.8589369375672504     
  -3.0648132787845723       -3.1573032958270293     
 -0.87456395448033797       -2.7164612761776334     
  -2.3607398735945107       -2.9908284230990372     
  -2.7947626738951046       -2.5634617903893373     
  -2.6896567148139243       -2.6230736363858393     
  -3.7571370290114765       -2.9170005143746489     
  -3.0835812481179015       -2.5962719475051856     
  0.60027533597072991       0.29921900847139071     
  -3.6627208401037974       -3.8229363434045260     
  0.62116447537864539       0.59413280008272773     
  -3.6609854293783739       -3.8704640272731630     
  -2.2054977980915078      -0.32062086616513352     
  0.25830395079823859        1.0417621823640204     
 -0.30833627236349115       -3.2995561112995797     
  -4.0103461313748889       -1.6968979729982290     
   1.4800294752930419       -1.9395713742384804     
  -1.0396500500519874       -3.0320855840198178     
  -5.4888177810139736       -2.8435815966344618     
   2.7092390870704253      -0.88213120982997406     
  -1.4509902117671398       -3.2672523609965949     
 -0.34380340806415294       -3.6730824390579313     
  -6.0854391166143742       -3.3098617047486902     
  -6.0405795321192857       -2.9283696731999616     
  -3.8522062667858910       -2.7067018550795585     
  -3.1151699670852850       -1.9152980346149377     
 -0.78069325411651802       -3.8504970641154079     
  -5.8171854279770674       -3.5064680272195745     
  -3.3963128322566996       -1.1598438968001576     
  -5.7066698638670914       -3.6223581162142846     
  -3.8701255556999241       -1.6415969125544674     
  -5.0170130485889661       -2.3257557136889622     
  -5.2647827355323304       -2.6160933841308451     
  -1.8777023643187358       -1.7175404693548511     
   5.8797047484630172       0.94925309440998207     
  -1.0676276234016526       -1.5447013365907885     
 -0.39304507370377317       -1.6414065015977204     
  0.15741515905663978      -0.60636599944861946     
  -1.4114125506291684       -3.4532044828099897     
  -6.0433952075364230       -3.6609976161448738     
  -1.9249855575806414       -1.5972946160022978     
  -1.7293882747033549       -1.8990684085223835     
   3.8984795518063525E-002  -2.6465732407561759     
  -1.8484109104147848       -1.8659067992578107     
 -0.23469616873698071       -2.1339670698651663     
  0.21698085037561615       0.56321270592686912     
 -0.27151553717382249       -2.3450724465570256     
   3.2543680240930035      -0.31744879621361893     
  0.43017849699504096      -0.56256252044203670     
  -1.3120408533593191      -0.76551875801310543     
   4.4003330048959812       0.63404009859925059     
  0.56833522121436186       -1.4169365118413273     
  -2.8459403501028526       -2.1368365321078238     
 -0.62166741290478555       -3.8486090106982087     
  -3.6738892161248913       -1.4387134643707413     
  -1.1013124748273557       -3.8593196966204864     
  -3.7089609261041683       -1.2463440827184342     
  -1.9968867472164527       -3.6459027752667339     
  -4.4155613381063192       -2.8282438576327800     
   4.8259113233137123       0.77513272293163860     
   5.7525223375903387      -0.23127352112527169     
   6.0822719509185195       0.82238292569133720     
   3.1679225826727935      -0.46154838790477448     
  -3.4443252384184802       -3.7460171495567081     
  0.76885737654328612       -2.5705122275274491E-002
  -3.4114596350078332       -3.7525681272662470     
  0.77400399916115115       -8.8183992543080708E-002
  -3.3008912545595885       -3.7537415136980710     
  -2.0050775761670816       0.11865588328858953     
  0.80306220980813714      -0.40362796268451018     
  -4.5858991199356147       -2.9072905882111861     
  -2.5772905691348211       -2.5324693615258287     
  -4.7133459153710699       -2.4275336171618744     
  -1.8957683846200684       -1.5768944399113285     
  -1.1931838397748404       -2.4110934030026208     
  -2.9902259929531492       -3.8671966827902282     
  0.78866987627052543      -0.38014786388373961     
  -1.4301847759763620       -3.9188486911373568     
   6.0924178674743823       0.62863413930718659     
  -1.0341929306647999       -3.5471657296890808     
 -0.16180309445325600       -3.6177410750808652     
   3.5790167587206345      -0.10354462771344254     
   6.2169641586577891        1.2569290410992691     
  -1.3579680505362923       -1.8922783320216647     
   5.1779787289153072        1.0455068032493668     
  -1.9879581501843142       -3.8608002602328808     
 -0.86701025262737097       -4.0249484373731788     
  -3.6336051243974214       -3.3326864558658493     
  -4.3275925577591874       -3.6493797121094649     
  -2.2837551659464626      -0.25627391874857497     
  0.48004418932387649       0.83947478634215189     
  0.11205598613722111       -2.3414834263944684     
   1.9198603811996811       -1.5434163071831568     
   1.1274547699013351       -2.1679401030865191     
  -2.3819740403591276       -2.0619863232918725     
 -0.69438109670520753       -3.3471784631694979     
  -5.8725347303525872       -3.1049708247188899     
  -4.2134581718190285       -2.1740511706109977     
  -1.4643452119734750       -1.1853182840586720     
 -0.44194020898890574       -2.1513516778573445     
  0.30923551696293949       0.39307265375601497     
   3.5254366939518564      -0.17278586454698963     
   3.8921837690049821       0.37673649740041648     
  -2.6310789480104795       -1.7171324745492200     
 -0.54063270187330781       -3.2393107113527422     
  -4.2885984452205212       -1.9680736354364887     
  -1.4857723198778734       -1.1449759621993156     
  0.10410180850418661       0.74924984988258803     
  -3.4854412680414599       -2.2083932745100974     
  -2.8020221187709917       -2.4536934546301579     
  -4.1908338550513129       -3.0919666269241568     
  -1.5485933533327998      -0.73974612159255715     
  0.71419596432561439       -2.1867444795425635     
  -4.8413311618831765       -2.3411763769331664     
  -2.1403593998439900       -1.7610163118533229     
  -1.6814927006551599       -3.0165004395013781     
 -0.67439317342051919       -3.6740489177638924     
  -4.4694236098238092       -2.1685055894817236     
  -1.8798981874361738       -1.4503770713676032     
  -1.7092114448954761       -3.9168081059966902     
  -2.4351585959704107       -1.1367571004390518     
  -1.5466948908105538       -1.7598351771461689     
   5.3397665812686919        1.0911802690970227     
  -2.2071741646289538       -3.8658151235005924     
  -5.1114719086177924       -4.1014945147367161     
  -1.5421592764134993       -1.4061319233194072     
 -0.38989310477821770       -1.7743129307175189     
  0.24573177484094988      -0.43898678465911739     
  -1.9458065836146727       -1.0759944765387799     
  0.34510859337244992        6.8088262384939036E-002
  -4.3195545204854007       -3.2336333136450230     
  -4.3436876685904444       -3.7226183804868946     
  -2.7295988615477254      -0.67490407070799330     
  -2.2603013926876439       -1.2038724450926468     
  0.65318540479796794       -2.3282898886867018     
  -4.3758720912686488       -1.9297678812235866     
  -1.5777480882147252       -1.1670387901045134     
 -0.36750377635859405       -2.1674236869673718     
  0.24501910201883792       0.53589250135031952     
 -0.32134558770949734       -1.0777318601044887     
   6.1643500574179333       0.80525487593697531     
  -1.7219945467977327       -2.3212719145760485     
  -4.5621510368118132       -2.0772539551330542     
  -1.9193870262032444       -1.4660796472175575     
   5.3149714082571995        1.0902255645428327     
  -3.4982537261474493       -3.8347882819286343     
  -2.0073120506187374      -0.11841608806576409     
  0.68166721245695761       0.42646160010334577     
  -3.8502654832529211       -3.8100857643712001     
   5.1484995368416895        1.1745796865500309     
  0.50868457698460334       -1.0437369546937343     
 -0.43633195370078415       -3.2321726413193428     
  -3.9992480022040890       -1.6734661533095734     
   5.6560931254119069       0.77697547927550170     
  -1.2254191025145209       -1.7777480034156432     
  -3.0884785816806408       -2.1318189933815335     
  -4.7187563377611150       -3.3545174337716221     
  -1.6439650656109472       -1.6248419293183394     
  0.42648898540268737       0.17703830293384398     
  -1.9286673587535701       -3.8894696402042928     
 -0.99460804764324962       -4.0216131767791410     
  -1.4407809112007297       -3.9813924703180152     
  -3.7342051981150823       -2.1424802552618396     
 -0.10097858966044063       -2.6386361658717430     
  -2.7648396869561546E-002 -0.20881716558343938     
  -3.0296017837937614       -1.8476176435768710     
  -5.0703067257741523       -3.3325247959495821     
  -5.5596847734874864       -2.5978308830316004     
  -1.9923582575348968       -1.9751250617319682     
  -5.1348567640335219       -2.4270338735134014     
  -4.9345154805398117       -2.3718653112152910     
  -2.1598807217914131       -1.8294283767338737     
  -2.0413513303640385       -1.9226631969340808     
  -5.4824180489150125       -2.6111206907478035     
  -1.9692310080104458       -1.8945181534897857     
  -2.0652357849722076       -2.9934481082530384     
  -4.3612399958108385       -2.1205094600838321     
  -1.7108500114350464       -1.3148573629612472     
  0.26512735411001637      -0.33703859961466737     
  -1.3751463164838915      -0.76257509776281074     
 -0.32570023568524059       -2.3305663266381798     
   3.7868852698392521       0.15917462235806229     
  0.39465124128485590       -2.5980807122165883     
  -1.9596261107514910       -2.0944901057210537     
  -4.6109886175560097       -2.1144824935287185     
  -2.0848294119985202       -1.5925091706786558     
   4.7850570642805783       0.71840491171754572     
  0.66724452968719183      -0.63742141118167917     
  -1.7068381933985208       -2.5531469627097563     
  -6.0859522176417773       -3.0920712657516951     
  -4.4681986929471966       -3.8583361947782522     
  -3.4179641822948152       -1.3466997971834527     
  -4.6064722874717354       -3.1385627949130979     
  -4.5739049230576914       -4.1466305603493918     
  -1.0359685290014158      -0.91966752762420301     
 -0.85073164944445556       -1.8587292975061303     
  0.11837924554555387      -0.95108375908831688     
  -3.0384863086313474       -2.2904162689647216     
   5.6014215980330331       0.87792013377042832     
  -1.2329051186180762       -2.1646991626076013     
  -1.5648349860356765       -1.7114713504052652     
  0.17216256003630104       0.74539205277154452     
  -1.1699926641112168       -3.7958665042602497     
  -5.3390237668295883       -3.4108253503300330     
  -3.4556947158148579       -2.0846912957276880     
   4.8922316773693497       0.76348073171249309     
  0.69778770833046311      -0.30875965145859208     
  -1.2391261803943352       -3.9502948552532979     
  -3.4372379216722271       -2.0072451027992813     
  0.63731593562021194       -2.4782112011131323     
  -5.1175926746019664       -2.5325008452953730     
  -2.0209796348179703       -1.7737668251061605     
  -4.4428964644011284       -4.0447493369390610     
  -3.9096272079712042       -1.8792698582241885     
  -2.6218959117456482       -2.4307465239652495     
  -6.2529829266287384       -3.8115320271377420     
  -5.5933289113055995       -3.1000325940949938     
  -4.1945685930360428       -4.0607917681578485     
 -0.81328814828360041       -3.8918990238769515     
  -5.6393641018927569       -3.4678414185158060     
  -1.3795918209203772       -2.3072366072938131     
  -4.6257448061295028       -4.0562592659586629     
  -3.9751553406164204       -1.9537529100130715     
 -0.73874957243745909      -0.68735444539844448     
   5.9734867202647433       0.92113521590452918     
 -0.50090944048133945       -1.0728116485098829     
  -2.1383340472243271       -1.1887378507183801     
  0.42863866929777067      -0.38452384819866897     
   5.9034715060301757       0.13761358148922520     
  -1.2129012971741691       -2.6278776819501188     
  -1.4924380901539698       -1.1330819586493233     
 -0.40275655936702931       -2.2101171784356244     
   6.2347239772367367       0.88619638090965835     
  -5.7103979918219569E-002  -2.6452481556034386     
   5.4253900503447277       0.94041363973691572     
   2.0279061804691954       -1.3987844350796450     
  -1.0015293318553287      -0.80544945124580236     
 -0.86866476744605592       -1.8017982169573024     
   9.1928785250350656E-003  -1.1211300115512723     
  -1.6651469109056347       -2.5140333895548221     
  -1.0685655642481808       -1.2465455680809789     
 -0.69475215196049933       -1.8708434059157271     
  -3.1249715407240775       -2.2196842762415034     
  -2.7409586490759548       -2.6387098842673207     
  -2.9769649066902302       -2.6798295231135478     
   4.2734093005504779       0.43285837150929385     
  -2.5767889024832900       -1.6379988491790081     
  -5.9802447074131342       -2.9692587895086202     
 -0.57340340226302744      -0.75548601860907372     
  -2.2193434194090607       -1.2501565984583412     
   1.7127118411663006E-002  -2.5090354615373376     
  -2.7730108121161732       -3.0729439789409083     
  -2.8467676704911042       -2.5875351709055581     
  -1.9274787671299864       -2.6508013331548721     
 -0.97701090150394432       -3.5372860313661909     
  -5.3956935535401236       -2.8908904517301948     
   5.9206378267494895       0.81627356329562117     
   3.6059991776954887       -4.6517871636025485E-002
  0.55972359173172859       0.79775965867125975     
   5.7046223463522070       0.64424387009925099     
 -0.73091892827779725       -1.3191307648724842     
  0.23618645332312393       -4.4863617582402482E-002
   5.7446389599781353      -0.16661983484326315     
   3.5830314180814029       -8.2049127772261171E-002
  0.18757500300547472        1.1383756076269165     
   5.3645608226268439E-002 -0.14545327826532231     
  -2.4404861853865345       -1.3583638175500528     
  -3.5498314755077431       -1.5547268483227570     
 -0.94062407100139389       -3.8687728818956453     
  -5.5073622408926104       -3.4437002097421110     
  -2.8167888446264158      -0.55851664488115405     
  -1.7234667331274336       -3.9080757587017989     
  -2.3625334840232850       -1.0996380575456959     
 -0.90983527163555211      -0.72949477712506627     
 -0.76844227217552019       -1.6031569633029661     
 -0.21692804237754112       -1.3163167615453286     
   6.2112363176711858       0.77937078108964186     
 -0.98176149897327503       -3.7185347134469682     
  -5.9977382197127769       -3.5834150418939572     
 -0.56674066990395022      -0.50535139450949762     
  0.16499000696296007       0.12494007494721986     
 -0.92855185656987549      -0.52290571800705787     
 -0.83624876669176462       -1.6382726950663298     
  0.15361168358550492       0.45195623709175686     
  -1.4765638524325821      -0.76903640699624443     
  0.12974881966537863       -2.3379616680034068     
   2.0169399235756744       -1.4657601901547761     
 -0.67029304140111534       -1.2795009696678210     
 -0.29035137853968984       -1.2229711604041611     
  -3.5229917944403701       -2.4653183263277798     
   6.0276509019942246      -0.26743909504866725     
  -2.9384019492987408       -2.4131181948301639     
  -2.2050719030482568       -2.6241788563137121     
  -6.1039958165907819       -3.5734960765994925     
  -4.4275758463628883       -2.1308576212677250     
 -0.15408742468895398       -1.5286316003353169     
   3.8600582072294595E-002  0.69129353934657234     
  -3.5211755112917591       -2.3403338092359194     
   6.0102919970700386      -0.24746567469184175     
  -4.0264088532958491       -3.0343615311312151     
  -3.5618153529258398       -2.0757769140599036     
   5.8279795788833733       0.70662648720785692     
 -0.28959389697147386      -0.88283925066940794     
  -1.3830197758543450       -2.2984490758872131     
  -4.5761730832180723       -4.0666834536699650     
 -0.71532321272223576      -0.67565849135723199     
 -0.24562384176548346       -1.0096455657635075     
   3.2553636081855699      -0.36881696619983079     
  0.22864730198427005       0.72461433851430035     
  -3.9758093140194410       -3.5926470920625175     
  -2.0940863077786069        3.5990125954076940E-003
  -3.2338696962843736       -3.7448019503350136     
  -2.1403944258286098        7.8942701778001140E-002
  0.83712474949346960      -0.39864124969705766     
  -1.5779974666986076       -3.9001581336670599     
 -0.97566684395083270       -1.0035936922397057     
 -0.78249069588151365       -1.7694651613063286     
  -3.3966992036975723E-002  -1.1468749373174916     
 -0.70195086250369110       -2.6524596723592131     
   6.0864482111877711       0.15105691577229552     
  -3.4429056607108457       -2.3782353674332857     
  -3.4068308094585498       -2.2929093021775557     
   6.0875657922927022       0.37161847098216366     
  -3.3187595669747885       -2.4559482553029812     
   6.1273124794164522       0.26034101582300578     
   6.1054336297197018        8.3670175556793222E-002
  -3.4381024615504967       -2.3196073996181044     
  -3.4549709561773723       -2.3799169165460192     
   6.0967223727537467       -2.4202874183341355E-002
  -3.3652109261499223       -2.3344351451340315     
   6.0960210710394263       0.34503017009772563     
   6.1188043687209959        3.1359727169943161E-002
  -3.4198941888785552       -2.2773442768562755     
  -1.7140381631535797       -2.5575517371991761     
  -3.5664474445053918       -3.3304924244590586     
  -4.5060112523511373       -3.7674142986890167     
  -4.1623068121008497       -3.7151368341298081     
  -2.4293524222282956      -0.40445621620737460     
   3.9851926752941411       0.43994535797606593     
  0.72422271388154635       -1.4307655289676113     
  -1.4202998593459195       -3.6565115857645663     
  -5.2374805377625240       -3.4131518654998168     
  -4.1237895691732298       -4.0083022574193121     
  -3.3819404351432683       -1.3713101068878919     
  -1.8546331669524974       -3.5266520375486379     
  -4.6472405884997396       -3.1721287654937074     
  -4.3626029197598371       -2.3124697017037996     
  -1.6376068891888349       -1.3473281699551505     
  0.25358105780227558      -0.41020371298667163     
  0.19117818029010569       -2.2791826436960330     
   2.5421775670803837      -0.99862980142652102     
  -4.4575745666983035       -3.0805816505629582     
 -0.63393993861306863      -0.16153480542210716     
  0.10963538210325986      -0.25623008630563243     
  -2.2887567855773741       -1.2713162444551136     
  -1.2874690746201594       -2.3826953222551319     
  -4.5579480391747174       -3.9406682559846908     
  -5.5598398397419082       -3.7182489301774031     
  -4.1557748156476855       -1.9311337481416933     
 -0.96922255077102137      -0.85709254188668182     
 -0.81890213333309947       -1.7639222268746353     
  0.95369752264293239       -2.2585990639326678     
  -2.1645546941358811       -2.1949715557873128     
  -3.5099492586016110       -1.2016993289445836     
  -2.0230205757475686       -3.4542477334209822     
  -4.5119959683214459       -3.1280176270958999     
  -4.1915861106382035       -4.0718051327526599     
 -0.94757235043066923       -3.8742300474907854     
  -5.5131774055322262       -3.4389625630342957     
  -2.8059163148171042      -0.52810723063144982     
  0.36724722138254268      -0.72201942253147477     
  -1.5502455721472039       -1.7418791780272522     
   6.0306007904345487        1.0566326709228464     
 -0.47684521166512639       -1.6656319774832513     
   7.6456216407740613E-002 -0.79070150367109304     
  -3.1349001421895282       -2.2102290407577705     
  -2.2397759881991566       -2.6286181353188605     
  -6.1245226194064060       -3.5503753619064455     
  -4.3270028608524820       -2.0372597549027529     
 -0.41880869007188481       -2.1516547123632264     
  -3.4341088100856374       -3.7501296617842548     
  0.76665803097968788       -1.5298749572725132E-002
  -3.4298352918463970       -3.7525512102949334     
  0.76969274359487838       -5.0368626456893592E-002
  -3.3889477323334711       -3.7534264733563014     
  -1.8863299098527861       0.13716923697645475     
  0.78250356501004825      -0.18862605114406761     
  -4.6143552987313408       -1.9750796045269940     
  -2.0572295368985554       -1.4915162341480359     
  -1.6618378896773423       -2.1648370733998812     
  -2.2188130111635642       -2.9833290810982209     
  -4.9614498212986584       -3.4201113310612392     
  -2.8941717403287948      -0.53628773031923216     
  0.50131277144579534       0.48685659062687969     
  -3.1134261361480373       -3.8224517698624427     
  0.79237435164907466      -0.39797289515373840     
  -4.6910703093534014       -2.9930389906526869     
  -3.9922341981374934       -2.5373973172996083     
 -0.16588846624888023      -0.96125194254992896     
 -0.33608089828785054       -2.6476386772974787     
  -1.1187078219670850       -1.3458833734021887     
 -0.61996319069138683       -1.8837607224915156     
  -3.0860723576173474       -2.0700647222508648     
  -5.6297734862083004       -3.7098597284271149     
 -0.89467651793815728      -0.79081561105493292     
 -0.73243765862821419       -1.5796435192279261     
 -0.20408977024517350       -1.2783405255465390     
   5.9575828884780320       0.94631222991973230     
 -0.36644844775559055       -1.3532118593448250     
  0.22451238683548683      -0.18026702236950223     
 -0.93668269674447391       -1.9242059324404741     
  0.27149013438992020      -0.65445339193704299     
  -2.4133561856403665       -1.4196567344173379     
  -4.0103420872559932       -3.5920866499270940     
  0.82803622000228405      -0.15635577204398227     
  -3.2035884106248420       -3.7442836714589283     
  -2.4561049158261263      -0.13856287165354547     
  0.68817559312724785       0.55707107438307257     
  -2.5911912311939651      -0.63479487013897595     
 -0.16812057828187205       -1.6972687257868908     
   5.7941300207401722       -6.8962765973022214E-002
   4.8248298548809796       0.82055561759136231     
  0.63431672135599160      -0.83384808511136921     
  -1.5892465104677638      -0.93763165447182173     
   2.6282623463644912      -0.92217052518720177     
  -1.8493407195459659       -3.3353695981525502     
  -3.0470245788469823      -0.66466377923370124     
  -3.4665778478787574       -2.0635322135887182     
   3.0032368217426919      -0.66537265802716716     
  -1.2223686329649446       -3.0376604675193777     
  -3.7133287642526405       -1.2779132293873452     
  -1.8796841706856806       -3.6882107128416979     
  -4.4896937054618595       -2.8944576887752209     
  -2.4063342156947303       -2.5397073992704455     
  -6.1039099792936575       -3.4881395473580867     
  -3.8655622110339474       -1.6011731345664741     
  -5.1900293646231690       -3.5324894441419650     
  -2.7134867645491760      -0.51842254509845376     
 -0.12499666103664261       -1.7047968922686967     
  0.20125770111227939       0.43037034705148769     
 -0.49491337883835995       -1.2761434155560032     
   6.3647269203927825E-002 -0.66746236953717875     
  -4.1317712019948054       -3.0912764579208076     
  -1.0569875028262616      -0.47190734317225297     
 -0.95371089049139335       -1.9152084369274196     
  0.26244136206515328      -0.69840311548892520     
  -5.8321371454996322       -2.9111563358143697     
  0.22320987772713813       -2.5918882823068530     
  -1.8451006307038422       -2.1747637978088652     
  -4.5874606311580797       -2.0852025996521903     
  -1.6724143934997981       -1.8968205789412045     
 -0.14520721715599880      -0.46709199550360397     
   4.0119728155211982       0.22865752932412292     
  0.77320264940574257      -0.96130135138741724     
  -1.4340270934434016      -0.90077846325307531     
 -0.17709567515724922       -2.3270368065210922     
  0.79246728137607758       -1.0644140486702267     
  -1.9498091833220403       -1.1582562618209911     
  0.28795622055096071      -0.19361688750823516     
   5.7016379960526216      -0.22771445814174768     
  0.12134645157697450       0.28772126955936228     
  -1.4139024113667766      -0.75651778076033860     
   3.0747388539224034      -0.49654701305361804     
  -3.4876042119182267       -2.0947036258581906     
   5.1597046513872815       0.82401629945290999     
   6.2415654351390009        1.0822558772714297     
  -1.0106263876617239       -2.6435787601431859     
  -1.9471677689920903       -2.9745284669487346     
  -5.9540889304054287       -3.2862595171199449     
  -3.9066284398023190       -1.4263355311985575     
  -5.9438683569897206       -3.8388099281018908     
  -5.3762399191428969       -2.9472037329991321     
  -1.0515440654904737       -3.6151606423936120     
  -6.2314161285880001       -3.6230613759729708     
  -1.7996752476875333       -1.6008875711164496     
   2.1676575952851236       -1.3119988351785388     
  -5.5825274719256299       -3.7465546216983481     
  -4.4077105848163836       -2.1721985651472338     
 -0.15081274746356962       -1.5323266593993667     
   5.7133858017202672E-002  0.66317908219025379     
   5.3396781920274252       0.85881874164122729     
  -1.4286136096487996       -3.2893226146709620     
 -0.34512693648188275       -3.6841581795311344     
  -3.9370485219732374       -1.4637344123328302     
  -4.3713556332559582       -3.2167800423239203     
  -4.5847056868196709       -3.8817560626107075     
  -3.6616362618815534       -1.5799384951312736     
  -5.5046260018319542       -3.0491953388545339     
  -2.0672936889738138      -0.98643004023098801     
  0.33116778443098133       0.18561775001835212     
  -5.0795286795043406       -3.5848250828197883     
  -2.6937014126241103      -0.55296461436560251     
  -9.9085430049524664E-002  -1.5976740875484698     
   5.5644020874574895       0.96764898416581269     
 -0.44992079092270609       -2.4547686565442031     
 -0.73386954435480978       -3.0068149790710219     
  -3.7593981944512720       -1.3919286086664209     
  -1.1993350300421450       -3.8559139041634145     
  -5.1054320595162608       -3.2886362675574889     
 -0.63392430100019725       -3.4926855157784620     
  -6.2158502739996289       -3.3008730120501535     
  -3.1924500673626461      -0.86194924348186475     
  -6.0571153618710722       -2.9062546621742764     
  -5.9174438308855120       -3.7610945234493296     
  -5.0474134889070115       -2.6825076950065245     
 -0.49037506310859635       -1.9268544324212316     
  0.24734217521326787      -0.54628098663756008     
  -2.2022809644196224       -1.2667711585210768     
  -7.1579458054848610E-002  -2.5222032812014050     
  -6.2666465291189084       -2.9080973381107480     
  -3.8587196493540357       -2.4302598819322969     
 -0.20686080239051735       -1.0045523275392094     
   1.8754518330716687       -1.6127993096882947     
 -0.73694455610499066      -0.61719715906631079     
 -0.30601551797607079       -1.0829067980224576     
 -0.94468953527407318       -1.4728620307649811     
 -0.50566942137493009       -1.6325511333311888     
   8.0898085821597965E-002 -0.81113996893792439     
  -3.1477179581430788       -2.2530610911230831     
  -5.7622801334454596       -2.9788535093791890     
  -4.0111721861279817       -2.6371962658899433     
   1.4806098002100545       -1.9311409874367014     
  -2.2897630924604688       -1.6450162616099235     
 -0.85094755736701244       -3.0340076412474506     
  -4.4914905503984563       -2.1044464813030732     
  0.44711961687121143      -0.21861228642931943     
  -1.8851433669022466       -2.6842103424117245     
 -0.22565425321617502       -3.5099400033034764     
  -5.1515054608794744       -2.6841963643426849     
  -1.4852977546150226       -1.4646829011096423     
 -0.33343674958837671       -1.7027985650839308     
  -1.4079833205091721      -0.80521082930304000     
 -0.20706100488908175       -2.3392973068120506     
   3.4352823580941192      -0.16429199873352662     
   1.8793148672258528       -1.4272377287238145     
  -2.9757469443910924       -2.4471988039680559     
 -0.65743907862591666       -2.7491287019315758     
  -3.2053076664985451       -1.2311772935568071     
  -1.2411327218557549       -3.2941812416364473     
 -0.41099739102558730       -3.5653909393714884     
  -5.9612369453231500       -3.2045714093338806     
  -5.7425054620503317       -2.9988875463490881     
  -3.7361699597560554       -2.2871339675896967     
  0.14409460841174321       0.29273658022053034     
  -1.1840437184032819      -0.63056039173754752     
 -0.82928866366534115       -2.1347555603891264     
   6.1858906699181659       0.95823344935033739     
  -2.0198476549113167       -1.0793077440450174     
 -0.32902466832949356       -1.8875197740943135     
  0.31120551993447376      -0.19645585564185261     
   5.8258440530675140       -5.6374655311156902E-002
 -0.40533407427345103       -3.1374422260651595     
  -3.5048190767384875       -1.1503563345869661     
  -4.6557419329881879       -3.2237621826433895     
  -3.9380201078644390       -3.4586279034720140     
  -4.9766827019900690       -2.2562347428682488     
  -2.2813523112773546       -1.9358390628022155     
   6.0481707708493468       0.70508935166820874     
   2.8826086141801386      -0.72512281941913004     
  -3.2173484457883852       -3.8920984342358742     
  -1.7959015804065499        5.2495973899762328E-002
  0.63710627046648971       0.43758819709757740     
  -3.8223271742242613       -3.8394734792612799     
   3.8789293832075784       0.35243370012115294     
  0.75576183259511398       -1.2725285918877476     
  -5.8087190425846922       -2.9001503870906418     
  0.61637762734272339       -1.0748309346393812     
  -2.5268030205652305       -1.5518084970187220     
  -2.0612353914477781       -1.8891558274198754     
  -5.8258627362973936       -2.7653705385144649     
  -1.3231468641700617       -1.4319007232372305     
 -0.48637219341644017       -1.8694324111325007     
  -2.6695478284174294       -1.6092556630816370     
 -0.17905503511486390       -3.1439381110455860     
  -1.7273186849325073       -1.2724586609309261     
 -0.39489726653117685       -1.8781416096085801     
  0.28638157018011678      -0.36385318284206725     
  -1.3618652215397518      -0.77408177293550606     
   3.8370248179503683       0.19714355595844543     
  0.83229998523477566      -0.86602215953049355     
 -0.20165332255845289      -0.93059277140183660     
  0.20249645064167515       -2.5576568372115744     
  -1.7176187688973739       -2.2789992212488066     
  -4.4758331655456169       -1.9870378228321091     
 -0.21551019724197365       -1.6311012849104238     
  0.26343601155284752       0.15170000347203033     
   4.2623843965614041       0.37296893884712695     
  0.68920690558547959       -1.0818731969615361     
   5.2658518432736656       0.92492827857222293     
   6.0095762947229856        1.1677544549173586     
 -0.81688845849111558       -2.5128045764736537     
   5.6877842259542923       0.92983874470538674     
  -1.2670362042482417       -2.0946301506166352     
  -1.7662745862155296       -2.0393150864457410     
  -1.5033499890375510       -2.9419351380948027     
 -0.61882959154334582       -3.4487237385915530     
  -3.0974690549671942       -3.1304340251108504     
  -4.3156661079697090       -2.9094883831423184     
  -2.5397371622271390       -2.5497385086348432     
  -5.7532803474689018       -3.7154479768902338     
  -1.7169047837028604       -1.3518642063145068     
 -0.26904336090411063       -1.6569962238760225     
  0.27730502162494342       -7.2079154168659537E-003
   5.6879511422797897       0.68908762155614234     
 -0.43999670400620827       -1.6120050467284921     
  0.10268657449927082      -0.71626084969888537     
  -5.0947006792468743       -3.5263697892375658     
  -2.6246659316647958      -0.43281470493446772     
  0.43281064540719089       -2.1813695174922754     
  0.44945896897045223       -2.4493665507230498     
  -5.2418015541129215       -2.4791410464067627     
  -2.1325963844881510       -1.9630554770426074     
  -2.1666259271399322       -1.8048087283987033     
  -5.6393796896634152       -2.6880566376788968     
  -1.8001182434546925       -1.7449133052151597     
  -1.2167439956850485       -1.4295763096274110     
  0.15818950380966881      -0.74717465732165955     
  -3.0905182490498855       -2.0048370980245065     
 -0.25158142480596479       -3.8771132195932170     
  -6.0227166858561629       -3.4163909074308716     
  -6.0029164090888010       -2.9234741791276404     
  -3.5172305162310349       -2.6428486351897744     
  -3.2481497688710008       -2.0512517905337644     
  -3.7370536091823765       -2.9133479913204727     
  -2.4293267968084939       -2.5616046497120886     
 -0.15544987397706500       -3.8173007747090342     
  -3.9611792094131291       -1.4845580209902935     
  -3.2263565980042492       -2.7599302234373990     
   3.4084128412527295      -0.13169366873717381     
   2.0544009131075751       -1.2821750042518045     
  -4.7068898491134945       -3.3976399742569057     
  -3.4983973838352989       -1.0414838046946377     
  -5.8687520792156000       -3.6599341031401593     
  -4.4146973518377148       -2.1416568737211983     
  -1.7110831373112960       -1.3629202622674592     
 -0.23784852629895156       -1.6407610790900937     
   4.8211680657560567       0.68206135085433939     
  0.69898771884864197      -0.33531766499179066     
  -4.9148926453316006       -3.1390645476095402     
  -4.6032344270026329       -4.1451487276436572     
  -4.0451986202593391       -2.0643006460244693     
  -1.0935512939497005      -0.95375312306522253     
  0.28338919490968273      -0.61846806468473658     
  -2.3538488786952483       -1.3428074770282175     
   6.1569519532734907        4.6043571434782136E-003
  -3.3445559334176438       -2.1431414167561642     
  0.89820923900262528       -2.3598084060178159     
  -2.0678641874217578       -2.1990836708305670     
  -2.0678268480125994       -3.9086355360712934     
  -5.2439377336324897       -4.2600844750741755     
  -1.1352032869285127       -1.2011911192220066     
  0.25365905217931967      -0.65089809836676149     
  -2.5946994690731455       -1.5278920757413066     
  -1.8714032469193245       -1.7501078824745506     
   5.9485896188386382       0.82625102714250687     
 -0.19895302097243112      -0.77008882077034790     
  -1.4893256006801274       -2.5623830053139711     
  -2.0257862320893190       -1.5829511206850837     
 -0.26548333598734902      -0.65576210788881217     
  -4.1482356479224398       -1.7298624586140283     
 -0.53807859310525052      -0.44064170084968707     
   1.6284459618717939E-002  0.57696102522630155     
  -3.2758496943291582       -2.0078208213403066     
  -4.6222989282649696       -4.1592003215459119     
  -4.2013346632706039       -2.1906648166002012     
 -0.51850390071406283       -2.1573647020907756     
   5.8251733953316460       0.50760672777047544     
  0.10875670186741007       0.12541056019347729     
  0.33884166997679849       -2.2923391840846588     
  0.48843215165794074       -2.4253097807981763     
  -1.4256467603675917       -2.4398052466320062     
  -4.9090487977587163       -2.2647653184608840     
  -4.9507355597309521       -2.3727642334678376     
  -2.1672614302786402       -1.8429520341003347     
  -2.1667469583988508       -1.9256674901970716     
  -4.9688396476780010       -2.3751575425736973     
  -2.1338918346419020       -1.8450657240291444     
  -5.2762631929062636       -2.5128871195245206     
  -4.7985248293406029       -2.2313586698262857     
  -2.2135152485896739       -1.7636551969240393     
  -1.5632189526043960       -1.5542177815279647     
   6.0509754214606637E-002  -1.1577829779793487     
  -2.1862779341010876       -2.4192808097331517     
  -1.1482801994314917       -3.5287803931437449     
  -5.3346220516325866       -2.8607471961440298     
   6.2363243646947577      -0.10519684727154233     
  -2.9815705067586977       -1.8282899996008140     
  -1.5336568088512035       -3.6626420015815975     
 -0.36231918467596180       -2.9452242019956967     
  -3.3133396203091081       -3.2104443736584192     
  -3.6424710685935309       -2.6301127618762496     
   6.1258270200509068      -0.16370299714381753     
  -3.3275323078951682       -2.2842832712043117     
   5.8759399276056463       0.70557681484404222     
  -3.1788713823765060       -2.3230239626304230     
   3.2741625830646601      -0.40012054082302811     
  -2.4135004898407968       -2.4804020964799953     
