  -1.3147326505071708       0.61621870681747659     
  -3.6578348619987429       -1.7878160001770291     
  -2.2119657060388396       -1.1080481902923542     
  -1.6159732419652468       -1.6686820934419881     
  -1.4452565851371888       -1.4452543346750784     
  0.68546651638937273       -1.1643428340106228     
  -4.0845567495320241       -1.6286755710518583     
 -0.57019797031750030      -0.37069654758466170     
  -4.7277707143920971       -1.8851497041610692     
 -0.98127193391001699      -0.41825537779873456     
  -4.8467513610034780       -2.3558571406161879     
 -0.32228731708439534       -1.2643915007936137     
  -3.7915442906990773       -1.8445167874436732     
  -1.2674353143056996       -1.9078792806905522     
  -1.6126967071677394       -1.5175297838693149     
 -0.84314969737701218       0.34824017199595869     
  -1.9616931407270890       -1.6425627645499035     
  0.28063571455114467        4.5140896751434789E-002
  -4.2657642909666462       -2.1406123561773711     
  -1.4700649647166621       -1.2750878628184426     
  0.28705250036152719       -1.4917524726077216     
  -3.7804493199837363       -1.7757216145508565     
  -4.5249789110822789       -2.2892268829568119     
   3.3958570626489021E-003  -1.1371438752210270     
  -2.1344189994163036       -1.4005078855102360     
  0.11352996398528965        1.0566527064273235     
 -0.10724803456164382       0.86481244069071428     
 -0.27250513580808922       0.98195072541787032     
 -0.57418739154539267       -1.4520892747214471     
  0.96145385864889721       0.59675954898716554     
  -3.8407954767491383       -1.0637749363524811     
  -2.5136620775757059      -0.63239363904571488     
  0.84762177049448750       -1.1063706702772989     
  -3.8933558675007101       -1.4518076752392750     
   5.1504204116118141E-002 -0.13500814817386808     
  -1.4988193433177088       0.77586395913205464     
 -0.84993798792966313       -1.9217910133540277     
   1.1654259985105628       0.23460896316048269     
  -4.2759099323794594       -2.1385018138004637     
  -1.4863141831282050       -1.2806911069667031     
  -3.8056260511226609       -1.7815580428005968     
  -2.2920978378297101       -1.1360403984187426     
 -0.26285243445017714       -2.7422772469109544     
  0.38883992191246342       -4.6684268008886969E-002
  0.16629501127913310       -1.1654778355836088     
  -4.5493891123122721       -1.9893330720247497     
  0.20515117277800976       -2.7400744497596233E-002
  -1.1394115363472515       0.86563953625762180     
  0.24030240301790307       -1.1149129939553772     
  -4.4658674141937134       -1.8866848337594506     
 -0.40026556338818908      -0.37544292203121649     
  -3.9027640693896406       -1.1776307286960228     
  -2.6239640877913435      -0.78736748366160769     
  -5.2779176611879617       -2.6073031405122506     
  -1.7433276846802888       -1.6652634586666777     
  -5.8433724021438271       -2.3400447252690388     
  -1.6145946849173962       0.94565819135287954     
   3.9329733085557557       0.57378638987894981     
   1.3411326109735375       0.59857991041103908     
 -0.73984155486840419       0.19448500509160699     
  -2.8582995893809344       -1.2973061479817896     
  -1.4977151590497755      -0.38836929314044555     
 -0.47168484600971339       -2.2548483604609473     
  -1.5298953185529323       -1.8001582941705441     
  -1.7336448293514550E-003  -2.7828399513859687     
  0.49133170802692949       0.20202136549338232     
  -5.9489479643780925       -2.5318552599300808     
  -5.0795247035107094       -2.5402820016331500     
 -0.70828321192384891       -2.5274033254774633     
  0.41502884165432274       0.12971857530894979     
  -6.0298468937355514       -2.6628309965765520     
  -2.5544426170291761       0.24347695564520727     
  -5.7568372638767293       -2.7151448934797817     
  -1.0576079944152328        1.2448094322771690     
  -1.1067873131284502       -1.7810527594100185     
   1.1690691697146589      -0.17437428503095853     
 -0.61410847546621861       -1.9882825850358876     
   1.1373348638534055       0.32768980788446989     
  -5.8659829881315497       -2.6386264356258176     
  -5.3288296061579157       -2.0851235226151927     
  -1.9172583534520162       -1.7366223380238102     
   2.7687230592332072E-002 -0.24451763875212076     
   2.8718892975336794      -0.40779158806505633     
 -0.66986972459585725      -0.22642210954011299     
  -4.8156173978361494       -1.9493274457302217     
  -2.3704320310873670       -1.4843561996373578     
  -5.3026431509496916       -2.3403815782406205     
  -1.8011149024038746       -1.4192281617698541     
 -0.38610462376207594       -2.1323979478942960     
   6.2438382068355986        1.5269682228765098     
  -9.0949051790826907E-002  -2.6523346015398337     
 -0.15141507745648308        1.2642083118801390     
  0.25986555184884264        1.5762363755422144     
 -0.14791863416860151       -2.5992401187420104     
  0.80983270724661627        1.2652838229655496     
  0.10222580978435429       0.80638101744445367     
 -0.19933552579516833       0.74652720878845880     
 -0.43276954617240504        1.0520506630704003     
 -0.51202395116848287      -0.25838291857961487     
  -4.0430750818175190       -1.2923507902156288     
 -0.36132585985081200      -0.30891072327452473     
  -1.4219792200516732      -0.21523456248070794     
   6.3291700846239779E-002  -1.2924457044143691     
  -2.0962016338885681       -1.3311996377852431     
 -0.50922955440506112       -2.5879608686930164     
  0.45040829926942128       0.55165001251235390     
 -0.51487819960512948       0.60660686836858146     
   6.1524602197852190        1.6244309226769802     
  0.47392733099548173      -0.88252022965545174     
  -2.4355549973842829      -0.65665443154034653     
  0.55789400176593862       -1.4332503316213987     
  -3.9749756239042426       -1.7714738915078385     
  -2.3789646738878432       -1.1936284216327915     
 -0.38128934591636759       0.60613069523687912     
  -1.0488888036470794        1.0761060442079076     
   6.2512445597207140        1.4745775222767621     
  -5.8387746841067401       -2.3952030997219071     
  -1.8079105353261185       -1.5517860152977907     
  -2.4625120259559314       0.40822331199739997     
  -6.8502609977209340E-004  0.28181479376073920     
 -0.67037132509375941       0.95370258030973820     
  -5.4889469545253409       -2.2872105311577751     
  -1.8688677840111532       -1.6459249330735428     
  -8.3129174247001544E-002  0.80092329745559065     
 -0.25833017788336832       0.93517187663261547     
  -3.1459503225753895       -1.7367517102644354     
  -2.0923618794635526      -0.88854285848046344     
  0.34886901619695854       -1.6066841562111149     
  -3.2524113988446466       -1.6330569145801070     
  0.48607483479851959       -1.4889745595252679     
  -3.8688886687517456       -1.7691890304420879     
  -4.1010411142355219       -1.2157804945151336     
  -2.8563862608946815      -0.92230731349025885     
 -0.44831609098233632      -0.32323646975235537     
  -3.9308027507139904       -1.1994078585735708     
  -1.5967318096143375       0.94839598628640898     
   3.3212154832526992        1.4549238013998853E-002
  0.67994836886570453       -1.8155568098125023     
  -2.3816822350200861       -1.6476959947614651     
  0.66871068794499933        1.0209312883387138     
 -0.13754196776955407       0.34569853931729250     
  -6.0140130890781736       -2.5255388662265248     
  -4.2763321673913026       -2.1688044453251258     
  -1.2757743848538219       -1.3034637615897078     
  0.22598241432267807       -1.4463939920341760     
  -2.2344596121482949       -1.2098688197651670     
 -0.21727428730690918       -2.5178535026463575     
 -0.60249957643048624       -2.5657250674793106     
  0.46282821443529371       0.28887406420811229     
 -0.74989387723678802       0.72058591355568102     
  -5.0419112440187073       -2.0218781731199611     
 -0.54170173238989650      -0.43172999540806056     
  -4.7717003953106314       -1.9264804765317216     
  -2.4265433819400339       -1.4563699337164642     
 -0.84202198780398130      -0.42151469784983553     
  0.94032542876434144       0.27434518786046608     
  -1.0260318240666504       0.54166701515224724     
  -4.2274245269966091       -1.3075911152151873     
  -2.9725814464756226       -1.0606919380140651     
  -1.2175068672632676      -0.33208455317933389     
  0.50228898004466893        1.1873855628522594     
 -0.31629425755947649       0.80404047636780962     
 -0.81805498867821447        1.1351921230368407     
  -2.0729757071984753       -1.1083666847975695     
   1.1948551383799713      -0.27185805383047479     
  -1.9153729297841431       0.24458726881150841     
  0.34150541429213965       -2.0669535961956025     
  -3.1141486424466396       -1.2324437530051895     
  -1.8236537006981026      -0.42942710419419233     
 -0.39046725737076010       -1.9017639841733314     
   1.1190581051219661        8.1170613581313306E-002
  0.18639584730517383       -1.1708409184499469     
  -4.5296800758547784       -1.9785884924821737     
  0.17867585398689820       -5.9074441838707081E-002
  -1.2184494297642494       0.85227300458975708     
 -0.48092067692368168       -1.4536095858988727     
   5.7734981698974508E-002   1.4510942678101497     
  -2.8587504078621340       -1.3532630319932657     
  -1.5941701328088820      -0.42297737529283846     
   1.0690556447138688       0.18511398295678033     
  -1.1741377340014620       0.50836972575597950     
  -2.6058119208878234       -1.7189287524993571     
  -1.6843848206874015      -0.60308253931612088     
   1.0903905129856928       0.10934870192745136     
  -1.2848411493439706       0.49936628473312167     
  -3.3662560579034193      -0.82399238373146888     
 -0.43349924810949525       -1.5777510162310990     
  0.89391596890951264       0.76189725231993188     
  -2.0942593288818871       0.49936040602703946     
   6.2684777916058030        1.6192807310767792     
   2.5422703109155265      -0.79050571074038800     
  -2.0676269544172916      -0.31443390167711954     
   4.5255136388567223       0.98993692176252379     
   1.0664184409185098       0.92456553702405619     
  -1.2243914121870128       0.95469860429753284     
 -0.95197161637249705       -1.5590423545058996     
  0.69554275744022853       -1.0013443460213207     
  -3.8505297122282003       -1.3417229895301006     
  0.28048302478706727       0.78188734563983509     
 -0.24377122587832589       0.59540141414867775     
  -5.8280445528247924       -2.4341726651670448     
  -1.6414357668449406       -1.4015543405874600     
  0.98966302411963492      -0.77506370173798245     
  -3.1503921013263159      -0.69164520639094140     
  -5.1920668960060397       -2.2227364131047063     
  -2.0184681793164612       -1.5430769428159774     
  0.35699641431652046       0.62922794760039924     
 -0.40613793462794268       0.60841765284397609     
  -1.0539178306473793       -1.6534233697780929     
  0.78384373532096330      -0.96428362668251366     
  -2.4169992299754699      -0.66701415063248748     
  0.52824602869003834       -1.4629067567058882     
  -3.9174027608565889       -1.7660675008356952     
  -2.3592586408845633       -1.1759723412049758     
  -1.0928608270164106        1.1151450824100906     
 -0.98444635023968285       -1.5528664067030993     
  -3.9579554946396693       -1.4557106926721173     
  -2.7232106505179994       -1.0342155613869701     
 -0.34207126506395108      -0.32155726259042766     
  -3.3761997026780666      -0.68137556226968454     
  0.98299907367844785       0.29657406860494862     
  -1.0150337309194686       0.51872688962420077     
  -5.8572509015390342       -2.6457179966351023     
  -4.5686500908479486       -1.5861138485121444     
  -1.7340231527453747      -0.46012461220405065     
 -0.50849623066927785       -1.8130714482592980     
  -1.6915988013859853       0.39569691239308519     
 -0.79249754449180987       -1.9059086057918373     
   1.1639123525157240        1.2572130417308175E-002
  -1.4587729114001144       0.44255921094566569     
   1.0087453967828244      -0.29657639238754735     
  -1.9466590809088977       0.30048882519290732     
  -2.6119075085297645       -1.5479427495808475     
  -1.4627943867436632      -0.46213163977354299     
 -0.15728318810598399       -1.4733197534592017     
  -2.7824877944088802       -1.6443346205735658     
 -0.29913175616810805       -1.8694294858954059     
   1.0791202421416257       0.35375343285289335     
 -0.98763704397819685       0.43119610134645581     
  -5.9320264412127530       -2.5910267850134927     
  0.24702317533722704       0.97065843083275272     
  -9.0888456551545579E-002  0.61979986764513417     
  -1.6890710553608406       0.82074184246182014     
   2.7792154859064926      -0.49815357294292267     
  -1.1163050915541808      -0.18764748847806065     
  -4.3133912839469666       -2.1361208507954661     
  0.40387031711841281       -1.4408065401224330     
  -4.0213590331557816       -1.8329338055126665     
  -1.3101131216322732        1.1056940114525864     
 -0.50736528582164164       -2.0898232253039883     
  0.44156489661751014        1.3289454291040401     
 -0.17036889534706007        1.0821205128968756     
   4.5845239949088814        1.0086235941754003     
  0.79761762109697210        1.2070865043860084     
  0.10637159895265351       0.60208723180683921     
 -0.34146988740214257       0.76916826950340123     
  0.51178914830134004      -0.87199038239974735     
  -3.6833618020000576       -1.1190578646818536     
  0.31466387831832981       -1.7201548688512538     
  -2.4223994353439871       -1.6628600482009963     
  -1.2665262846196073      -0.50488282727978595     
  0.70978564878545802      -0.72290878352697818     
  0.15937316771780802        2.6670561389467218E-002
  -1.0464463037666971       0.89142220336904154     
  -4.1061443909777671       -1.2545864920731762     
  -2.8707156708672139      -0.96017951700641857     
 -0.64603788707218823      -0.34120938029445130     
  -4.9909893352425660       -2.0815478509533536     
 -0.17419515563971369      -0.33457370177788148     
  -2.7415899109417330      -0.10006196555467398     
  -2.8999608958360756       -1.5203463010305482     
 -0.26855977385240792       -1.9044358023864769     
   1.0691766082544512       0.41959202713942623     
  -5.7171635680154713       -2.4502953832513814     
  -1.3545226457360440       -1.3577740475635129     
  0.37180526769046746       -1.4028453834760002     
  -4.1138810715835596       -1.8692504957256766     
 -0.54995143899097110        1.2889619596521178     
  -6.2318720988466305       -2.7014314419666521     
 -0.68768166510359285        1.1857583707070554     
  -6.0021179450064484       -2.7155709656428564     
 -0.65844768030202250        1.3229796809453793     
  0.93128092233204862       -1.9881572150992133     
 -0.35623235059776615      -0.42120118628109188     
  -3.8823827075798025       -1.1654000671290212     
  -1.3399658648645711       -1.4612051422120642     
  -4.1824872538876345       -1.7718470268031474     
  -2.4871274247758506       -1.2509478124179936     
  -2.9987257457097360      -0.33506712169547503     
  -1.5332158601723065       -1.6603347683823644     
  0.35954848152873464       -2.1476717286675875     
   1.2924818522138273       -1.7599053243848566     
  -1.7112018609726027      -0.51313256796824280     
 -0.48647482997251645       -1.7929326179461373     
  -1.5955916427842618       0.43168563756789480     
 -0.93263011250826422       -1.7427215632823350     
  0.96218252422731876      -0.68320551756608683     
  -2.9228644221607496      -0.46644361424625824     
  -2.9077737193285467      -0.39348589930763678     
  0.15125359565555285       -2.1733614270144779     
  -1.0037709610370553      -0.19809832988454043     
  -5.4169975005929425       -2.5440847727132319     
 -0.56862822804865276       -2.7099368201415874     
   5.1015671777695171E-002 -0.42436201894007475     
   4.0322463308058429       0.69251898239603316     
   1.4429463605360224       0.30204908604351116     
  -1.0957619081909742       0.27371034648219617     
  -5.5290819586206341       -2.6082456898583986     
 -0.21395683451442626       -2.7751288855056679     
  0.35656603525956043      -0.12411891141250826     
 -0.85736784349273443       -1.5756737421609777     
  0.73093998348638778      -0.91826784850475929     
  -3.5705121269193389       -1.0727458991170211     
  -2.2392674602739757      -0.51933196995870445     
   2.4605468808660671      -0.84815031965448462     
  -2.2404791742649115      -0.39416438181710800     
 -0.29596687174810665       -2.2482961412777431     
  -1.3093674995853757       0.62109424877647124     
  -3.8355292544537605       -1.8475448349840897     
  -2.1762805915252530       -1.1756413668697707     
   1.1863364909571255      -0.20339520251429608     
  -1.8068862708580027       0.32223921868608313     
 -0.30437671676123201       -2.0763728587133792     
  0.85062676849924668       0.94541089198820705     
  -1.0609420929485260        1.0034030687572295     
   8.0240909512300063E-002  -1.1977684661190506     
  -2.1546321071877905       -1.3778741221611832     
   4.6288596325122618E-002   1.1115424328817782     
 -0.23559920484018268        1.0307846911974958     
 -0.89987708711358616        1.1503386541195564     
  -3.4043759325516092      -0.85971092533073890     
  -1.6913668137364655      -0.25662802519688738     
   1.0130397668873037      -0.43351088689056072     
   3.4803113581422447       0.18453786570082328     
   4.9299643784120946        1.3474820683348492     
 -0.47298695856895889       0.18322045292763953     
  -2.1818377697026250       0.42930169292822340     
   8.9852003187702520E-002   1.6004699677029648     
  -6.1102739332543452       -2.7429043122072465     
  -9.1126340329777900E-002  0.60228966097763004     
 -0.37859096409032889       0.94093913261255901     
   3.2303276810008601       -7.1284712279659199E-002
  0.70587249465441348       -1.3352662333963088     
  -4.0171524206033009       -1.7058844759485063     
  -2.5025134636631048       -1.1851439976818665     
  -1.8533028472424655       0.57988260152450033     
   2.4523675680482118      -0.79702856583314996     
  0.40455514504091233       -1.9940652097199414     
  0.50758700168418402       -2.1328321020987384     
 -0.45278019374565470       -2.2266206129759816     
 -0.78676392938322814       -2.1262095970216994     
  -1.2633799018732492       -1.4187464292356016     
  0.39169652787973669       -1.3545766500326368     
  -4.1889478042906179       -1.8665074483887938     
  -2.3110031885359574       -1.2774140601485500     
 -0.58118619082660417       0.70330220789953501     
  -2.8564505659615462      -0.11565927687288305     
  -2.0392470572026582       -1.7679855310044486     
 -0.57859498519050279      -0.46073164734809802     
  -4.9311068703391427       -2.0692623969100703     
  -2.1844298761464027       -1.5241495078146006     
  -2.4961619720125916       0.10359015702031316     
   5.0115435324354545        1.3798028366984374     
   3.5574273472372978E-002  0.37798796163736004     
 -0.53662539780986318       0.90951204767100591     
  -3.5335020059910853      -0.75280575049167553     
  -1.7153926156943109      -0.22229188522112461     
   1.0225312149102130      -0.44099847169490625     
  -2.2790758911527789        7.3531373025999255E-002
   3.4889555604624105       0.19355232281654947     
   5.1904084939444761        1.4785617068080925     
  -3.6552009642116863      -0.83896366156212132     
  -2.0252801388941268      -0.31985069071084843     
   6.2468278146310778        1.5031168694779806     
  -6.2489453457987443       -2.5427502311834669     
 -0.63507014265027828       -2.6327200532472572     
  0.19765965758645160      -0.26881414171706058     
  0.91807910230928280       -1.8981449155818531     
  -2.3001380764159838       -1.6351700692823394     
  -4.9677073568403678       -2.3961220602146600     
  0.44744010066842133      -0.85044120359546949     
  -3.6122656080605022       -1.0495762781888831     
  -2.2602038414260477      -0.51459316264308830     
   2.0574934737971602       -1.2033629453173056     
  -2.9610034053177099      -0.97868273081051937     
 -0.99047995040292813      -0.32872166126729502     
  -5.1104057154183673       -2.4560725518496893     
  -1.8587361550705728       -1.2171725867551406     
  0.85486611706415760       -1.0103762532230562     
  -2.5014903899033767      -0.75765317026308843     
  0.84442401544928469        1.0349602594062386     
 -0.10566665546489844       0.29016129031488419     
 -0.73827115354297768       0.99725367419320365     
 -0.50464225032193910       -2.5313995076528539     
   6.2567134790709023E-002   1.1489056204775168     
  -1.2110758059237992        1.0664949911441797     
  -1.1279164747847625       -1.7002085493743631     
   1.0092319372652272      -0.64869183046095191     
  -2.8225542608290057      -0.38378800487807446     
  -2.2159485974008777        6.1455823448670246E-002
   2.8525312787502077      -0.40766724407714089     
 -0.69263159158367404      -0.23843945736840963     
  -4.9811664079808562       -2.0625327418277641     
 -0.27005670431105544      -0.37192218596230492     
  -3.2790164062337692      -0.59677091172923624     
  -5.4711354856398824       -2.4184063404194722     
  -1.4279571412281427       -1.3523044553092249     
  0.41188726777282236       -1.3988930547577785     
  -4.1163385435622271       -1.8599963766038663     
   1.0737998107910818E-002   1.1176463089175495     
 -0.24753969658044750        1.0582739621890060     
  -1.0896693776336563       -1.7573374713059140     
   1.0975103642479844      -0.43347094462787761     
  -2.2386307753742876        6.5848605103583868E-002
   3.1855599509437789       -9.1740035616120957E-002
  -2.6428719257704190      -0.26508279121824657     
  0.48901313413626346       -1.8759346245700255     
  0.31196098072042572        5.6022527499510068E-002
  -4.7838658268957746       -2.3815779437235127     
  -1.4115081070582556       -2.0565757721125646     
 -0.50374100287831525       0.63056535340697628     
  -1.8980151846797277       0.67126375405836924     
   5.4259062815893815        1.5242856086532126     
  0.48762459276322773       -2.0780786756651999     
   1.5623882393871098       -1.5767053309653853     
  -3.1059446915191580       -1.3713605992267248     
 -0.13350685452315264       -1.9551421777625888     
  0.84577997759221080       0.91303721272824223     
 -0.29138281245511105       0.26630900344564390     
  -1.1248063737663725        1.0013687585448887     
   1.0233513896668174       0.37510470395786827     
 -0.95162006511493313       0.47000984360053527     
 -0.50347208053055648       -2.7213460375002860     
  0.14603776709325411      -0.35079407851159566     
  -2.1053856347247919       0.37206522866299707     
   4.9704773278803058        1.3366864284278506     
   6.1744496957249866E-002  0.83010109880763561     
 -0.17189473959581689       0.77841445997111847     
 -0.42791941153365809        1.0419913146868782     
  -2.9006293519658741      -0.14295345484764679     
  -2.9016847328077433       -1.5976900549333370     
  -1.9260690219236767      -0.64976648000752379     
  0.80220327397845204       0.95462417151317969     
 -0.23952515217427695       0.28214212419085383     
  -1.0029293588133983        1.0115756609534161     
  0.89907809571447506      -0.24605756997865724     
 -0.19966463120680533       -2.1000481953946650     
  0.55457831311433226        1.2448818744586398     
 -0.21832328223159320       0.77874835680222332     
 -0.47864625781973275        1.0907972617252391     
  -4.5037569464498421       -1.6122286851516026     
  -2.9128769189105426       -1.3090680000608810     
 -0.47021080557398615       -1.6548314014179510     
   1.0726196183582748       0.14215471961842521     
  -1.2285631196830749       0.48563370946851492     
   7.1560975281240946E-002   1.4239823645590846     
  -1.9983805138763171      -0.32498536931674665     
  -3.8810624153960541E-002  -2.0293311890742469     
 -0.48148253238874755        1.1959941902266773     
  -5.6264929140687485       -2.3247247294493012     
  -1.8278426391793845       -1.6588337779872331     
 -0.29083637857268357        1.2685833038768368     
  -2.9459782372630445       -1.2691215407144720     
  -1.6087640495128479      -0.39489445092135450     
   1.0736115796387020        1.5274917009970690E-002
  -1.4004021358772911       0.50084199449073818     
 -0.46725173489142047       -1.4794986058006796     
  0.28712556178246390        1.3576877646522838     
 -0.64211746029646388       -2.2518237517383684     
  -1.5123654082810667       -1.4314114237026887     
  0.76996202626369781       -1.0820221881062375     
  -3.9267956032654312       -1.4595068827990012     
 -0.17544181754589075      -0.26866507744174900     
  -2.4568966370026541       0.15066444121109646     
   2.7245861084417964      -0.56266784704076611     
  -1.3895027295733526      -0.14383252567109098     
  0.34159812880703988       -1.1020801782002849     
  -4.3495297030295976       -1.7865819444222140     
 -0.68954552734102359      -0.39747462436611619     
  -5.2507805223102180       -2.2747283523110915     
  -2.3372890147901058       0.41326488496174008     
  0.83436253755181167        1.2426265698868975     
   9.8671400429188677E-002  0.76313225445834920     
 -0.21828182641026475       0.73668212590795445     
  -4.5443619383008418       -1.6430932700695995     
  -2.8968437370644495       -1.3234561536794307     
  -1.5730456886942494      -0.43540305601712193     
 -0.45926123455851953       -1.6365750479482415     
  -1.0276351343286985       0.46400339850481226     
  -5.9080075341162130       -2.6453483574464385     
  -2.5267837416185950       -1.5035615364456243     
  -1.2098734926633579      -0.42634545686929259     
  0.90681013256995724       0.62095288038034790     
 -0.67339216489114528       0.38559719396356390     
  -2.0059192612072776      -0.33830172227335303     
  -2.3548549262875196E-002  -2.0275013426746540     
  -1.3104717969586523        1.0557083931513618     
 -0.87851788604927006       -1.9505324537863180     
  0.95142421107706199       0.82987570412115030     
 -0.44129396911071384       0.24959961544954526     
   4.0297410797975823       0.65884823858432484     
   1.3995643767496171       0.43107803551874002     
  -5.7065280339606117       -2.4662996485531239     
  0.49893548431318457       -1.1530451243228854     
  -4.2433238669011528       -1.7339696490262027     
 -0.64819766092159803      -0.38592619034888020     
  -5.1007504326601509       -2.1632683016316276     
  -2.0586606771504719       -1.5652283393731259     
  0.21431748974001863       -4.0672439497796982E-002
  -1.6232769780485025E-002  -1.2673480913655921     
  -4.4408984020563720       -2.0567608463226801     
 -0.61453893799915793       -1.3585876439505045     
  0.60527694214485972        1.1273449927991284     
   1.3329414627099162E-002  0.48598876184550399     
 -0.43910515469995270       0.88019023738421232     
   6.2462610830708725        1.6128905876101152     
  -2.6785710655268828       -1.7123060809007318     
 -0.37272016185946033       -1.8146519964832959     
   1.0954971519039474       0.17805617990348854     
  -1.1857617368884805       0.47502641229208842     
  -2.8355542274605803       -1.6998981415347922     
 -0.14257986862200273       -1.8855686521981645     
  0.81439521550726557       0.93975290526218513     
 -0.25359203204060154       0.27634573968461174     
  -1.0039527129492198        1.0211801696543839     
  -2.8299073985453109      -0.33228865565889232     
  0.91330177146123837       -1.0254208800882139     
  -2.4866660762934165      -0.74950109464226267     
   1.2136820937357671       0.27672336892080912     
  -1.1073737332668476       0.39606591343482184     
  -5.3697952580951069       -2.5796628456248736     
  0.22442807275034177       0.99629425866889643     
  -6.9350659221764005E-002  0.65631563768346624     
  -1.2479293693533369        1.0414739522123224     
  -1.1155123970409486       -1.7378429244703453     
   1.0959992794126798      -0.44639503437772249     
  -2.3136766830138717        2.5187441644955101E-002
  0.48971950196961389       -1.6918587651426067     
  -2.9590300697559111       -1.5888380446325423     
  -1.9382072385675335      -0.68268768139914637     
  -9.8259369517444142E-002  -1.9110505955343864     
   4.0960713406338299E-003  0.44047826725516959     
 -0.48330317850419346       0.90404800478863856     
   3.2759327845352124        1.4419211023145730E-002
  0.50075889840095666       -1.8043175878293241     
  -2.2921778210469097       -1.6890901863236365     
  -1.0909843677118580      -0.47748173077847395     
  -1.3624182915542600      -0.53278400996293429     
  0.14108589363540450       -1.2782068823066024     
  -2.1587799082971975       -1.3411063799842395     
  -1.3724591536140116        1.0827700997296117     
  0.22356173245431421       -2.1224080425723000     
   3.6812000518369401       0.30736488458733019     
  -1.3663162858699271        1.0381666700418377     
 -0.55310775818873326       -2.0747364348696147     
  0.56633582981364050        1.2421636391586248     
   7.8965783889127533E-002  0.69882759732921473     
 -0.63502217476084510        1.1113185311198612     
  -6.0865375328317697       -2.5361234454839434     
  0.50513783154055758       0.50948758935479355     
 -0.56503823986830770       0.61174606683305133     
  -2.5928091992191553       0.10896411164868271     
   5.0169323757817583        1.3860794911933534     
   8.9853480676858923E-003  0.34617936166032759     
 -0.58581130997057484       0.93091439282633437     
  -2.9560404387878334       -1.2127847005608490     
  -1.5223761007058287      -0.35794863984751013     
 -0.32632109886062016       -1.5490496426769900     
   4.7412881505678577        1.1228758647823458     
  -3.1584196092500698      -0.36536508279864588     
   7.6032482048257466E-002   1.0496307531860032     
 -0.13753941293323080       0.90197164691264042     
 -0.32516147718818367        1.0355096814191527     
   3.5065258706275872       0.18785361470626163     
   5.2111376729234369        1.4879755946364195     
  -5.3108716973257142       -2.1444686321094490     
  -1.9147582708492523       -1.7033570993782028     
  0.25111666419364520       -1.0933985419671929E-002
  -1.1185680466868329       0.84706499146161751     
  -2.5697245379826188      -0.11187114389062219     
   1.8800730798007810       -1.2359338765437797     
  -1.5174822589889438      -0.32802588411927325     
 -0.36762417958593036       -1.5313828159639375     
   4.4402168617880076       0.91704096561388215     
   1.1093373480657003       0.87553414663658502     
  -1.5289569572961252       0.83475314875533102     
 -0.49045183731399772       -2.0780582248141410     
   2.1860228783761364E-002  0.43392667102940768     
  -2.6833782591206488        4.4669588594248820E-002
   3.4621320756494862       0.18965993564002404     
   1.3143248418055151       0.45057126622460464     
 -0.92505185439563464       0.29814295153472242     
  -5.6797355821618840       -2.4572221769270191     
  -1.1099521089634652       -1.3557362232969454     
  -4.3025844909541142       -1.8688659920208639     
  -2.3767215960098187       -1.3013599860256488     
  -1.6581934155653857       0.68827197708204824     
 -0.12220916600478973       -2.1216715395414094     
   6.2182648853553673        1.5165412322826075     
  -9.4860348716194309E-002  -2.6069593906874817     
   5.3493245396779301        1.5372305858898230     
   4.6169703966536506        1.0974076039071061     
 -0.54907821151804059       0.18663368955531154     
   1.4345351680233713       -1.5346009372513334     
  -3.2544031192595027       -1.4135503723161824     
  0.13536963497423246       -1.8722292527342081     
   3.3629840784961438        5.9042611002541167E-003
  0.82417302335226239       -1.7962518224423412     
  -2.6308871953356920       -1.5786186252959511     
 -0.34854120649685771       -1.5963458277757856     
  0.37085932472577510        1.3163066060885846     
  -1.7969574417532683       0.76374590052287616     
   4.8512640591204024        1.2594987293709277     
  0.90547293954997299        1.0822256577294529     
  -3.6730783148645210E-002  0.29248387204579773     
  -5.6588114553471947       -2.3682249938958702     
  -1.8642335821799692       -1.5335584296148961     
  0.32876957248107308      -0.12694906564107564     
  -1.3490689711191801       0.77347200177232989     
 -0.89166506078374896       -1.6036835537009377     
  0.71505662999238395      -0.97003523406886594     
  -2.5143461155124300      -0.75438064539197847     
  0.38651562187267907        1.4000397604811139     
  -1.2394239539294019        1.0828372617972906     
  -1.0696563160158676       -1.8093421292108067     
  -1.5167220074921921       0.41273678254697810     
 -0.81645270350188737       -1.6077182606229325     
  -3.2930085333280670      -0.79852871617249399     
  -1.3720382689021513      -0.22323839454691743     
  0.41982379270207049       -1.0399386696420063     
  -4.1799791797342207       -1.6155730531191965     
 -0.90021021629011666      -0.37441233234663990     
  -5.4070337977308585       -2.5106809135151549     
 -0.76533100856904868       -2.5216219189234703     
  -1.3039941344101540       0.62595519391757481     
  -3.9911180889469571       -1.9035735389572823     
  -2.1320170124407660       -1.2249151893032257     
  0.71366302915271929       -1.1268787316327638     
  -4.0267776690892347       -1.5525120508037087     
  -2.6657844647855233       -1.1156318187647247     
 -0.50566893390843926      -0.35072691126149497     
  -2.8593121600696376       -1.2333735337096203     
  -1.3796799963253341      -0.35942826535236322     
  -4.4588654716999585       -1.9395004915972487     
  -2.3277805047010647       -1.3451754304308539     
   8.1509424778475073E-002 -0.15451141330580390     
  -1.5344448260635486       0.74840305579802424     
   1.1160290355184375       0.45735965308754190     
 -0.89462840315522463       0.38963029689280082     
  -1.7470690815847283       -1.4440366290929141     
  -8.9643496124691469E-002   1.0089738159976052     
 -0.30559176000208943        1.0608130260538802     
   4.1717988356514981       0.77457095685139399     
   1.4014399480668827       0.36822311258734997     
  -1.0136627270290328       0.26873636975803883     
  -5.8536631301146764       -2.5974357614254613     
 -0.22586318751267059        1.2725299872793261     
  -3.4677060248178022      -0.66786504772045807     
  0.11705804908338110       -1.2629260122262209     
  -4.4850905793135603       -2.0331456971321860     
  -2.1204204791571843       -1.3578460875974929     
  -2.8759551533374910       -6.6976337063533606E-002
  -2.2028843230531265       -1.7059801686960927     
 -0.89436001221152828      -0.47029078516573708     
 -0.94218664896213189        1.3946145023579319     
 -0.96281429173066679       -1.9391143662335815     
  0.54714054696831327        1.2699003064945933     
   5.7120442922254197E-002  0.80845117815933165     
 -0.44658498320777551        1.0633483920010622     
  -3.5288684245241986      -0.73342874297786542     
  -1.6333438286289974      -0.22444519188445894     
 -0.61383859814635500       -1.6830130711007301     
  -2.1913365102814870       0.12938649503493271     
   3.2940183878529732        8.6225122262248814E-003
  -2.2667102679629809       -1.6908799991713441     
  -1.0175287559388575      -0.46824818196106294     
  -4.0942141485358423       -2.0275459060902774     
  -1.8336246754123240       -1.2590473551233941     
  -3.2309739990642603      -0.77975330132522591     
  -1.2063673873120913      -0.23587888831283071     
  -1.9572462275226494       -1.7469196069869801     
 -0.17345376170933124      -0.35694097744612036     
  -2.8284497338032262      -0.19072065092527141     
  0.41732793397397810       -1.7537552475567042     
  -1.3348879399032114      -0.49826808609617679     
  0.31792844923107749       -1.1402686353172968     
  -4.3432314539739831       -1.8115777536392892     
  -2.4894932538308385       -1.3132925231524055     
  -4.5895489715257840       -1.7869473944982139     
  -2.6531610301579236       -1.3715727795536554     
   6.1986493301532359        1.4715287856878270     
  -6.0538869412148539       -2.4786071663938616     
 -0.86537587136522509       -1.3648073306107413     
  0.77425933332792785      -0.76784772262377776     
 -0.76639978023270783      -0.27950214906628529     
  -5.3597447811465999       -2.3276422919067081     
  -1.5510597664888162        1.1026882856723801     
  0.19207166224568406        1.5456281510220107     
  -6.2128050904237844       -2.5406688014616581     
 -0.68052524011686877       -2.6162305867460192     
  -1.7244784073593913       0.61447791548790898     
  0.17035271676781305       -2.1093903973672581     
   4.0723213073857423       0.64371975938877357     
   1.3104395867197873       0.61502148786727961     
  -4.1424191453499946       -1.3521499173305043     
  -2.8964203641093444       -1.0610343622654927     
  -4.5699984840096306       -2.2468302450678759     
  -1.1336016140421949       -1.3037217692473282     
  0.38818980806886888       -1.2692784280732257     
  -4.3339573433421394       -1.8962439018975568     
  0.16282616865107305       -6.8882004625107615E-002
  -1.2512398477702957       0.84477018686410110     
   1.0001357233647197      -0.30577527760592171     
  -1.9534780443076076       0.30214847078499096     
   1.1482810197638311       -1.7731974490623157     
  -2.8103104299936734       -1.5014234255897740     
 -0.45981987725925094       -1.7883014652196796     
   1.0870743408618673       -9.3269508730252318E-002
  -1.5735905930560870       0.42874049985457141     
 -0.90922524226800816       -1.7103220535059167     
  -3.2560342696121136      -0.78039152379180909     
  -1.2674688056103436      -0.23234013009310456     
 -0.93570754245195953       0.48178383866439933     
  -5.8976847686884684       -2.5273910444606678     
  -1.7660386530925754       -1.9432245210849008     
 -0.29824265377995246      -0.43601578393732143     
  -2.2273516479860578      -0.47381724324275276     
  0.29746939011780199       -1.9630820660343491     
  -3.0243515061305870       -1.4013551760648741     
  -1.9007380655157324      -0.52687191736268180     
 -0.22094567911386917       -1.9367640259759114     
   1.0274941179540362       0.56617492798683233     
  -4.4203259142233877       -1.5793129890124518     
  -2.9153081903854567       -1.2681755810240591     
 -0.34928263926823255       -1.5534938103457956     
 -0.94158802128222119       -1.9502151623680419     
  0.54093433330450291        1.2805964956550109     
 -0.17420513286761385       0.85353709659501931     
 -0.39022029630236094        1.0688555559898694     
  -2.9367098277507422      -0.18135218123238239     
  0.67226216869050925       -1.3784849566299560     
  -2.4322933681679646       -1.1992612402752290     
  0.22526625667307323        2.3562838074391815E-002
 -0.91988087003944163       -2.1961304025421704     
 -0.23746405598271153       -2.7663940485732814     
  0.40002004463420932       -4.0606960335969666E-002
  -1.1954720002627730       0.78596688874585641     
  -4.5174142911928676       -1.9724497812503565     
  -2.2811682305024128       -1.3689099597983641     
  -1.2328818428353430       0.84047348089609475     
 -0.54688210501939449       -1.4462981099066128     
  0.59323767928854076        1.1332392020273458     
   1.2672187794794579E-002  0.46685334126492589     
  -2.2861410762635761       0.38797394027990428     
  0.51337524272242008        1.4551027438953688     
  -2.7167124435458501        4.5265985173005063E-002
   3.2202816981971485       -3.6709334900902481E-002
  -3.8522293714250071       -1.7338165124878184     
  -2.3825883782588240       -1.1400629909984301     
  -5.4877644491247519       -2.6445175085329602     
  -5.0442686417492499       -1.9144348277489658     
  -2.4573972794397085       -1.5303258140074822     
  -1.1199525307820493      -0.43734084615513297     
 -0.27481821126219314      -0.42770062236567097     
  -3.5525121518656952      -0.86003488034173037     
 -0.35407104558885161       -1.9708436747898264     
   1.1037127481904974       0.35905734843420101     
 -0.98325594616783751       0.42022039686333185     
  -5.9326327542393926       -2.5848772132678817     
  0.43717601898401198       0.19458438463054398     
 -0.83919138687814943       0.77811512364375668     
  -5.9317328425672988       -2.5288755139580181     
  -4.9893294479615911       -2.5050894501019192     
   7.3652819994089375E-002 -0.36684549517390874     
  -2.2794096269455517       0.26039757912907835     
 -0.70725877299473061       -2.0632844532799353     
   5.9896578464194974        1.5600353963829214     
  0.60118073319247012      -0.75698627985159028     
  -3.2646880679904049      -0.72013674538028394     
  -3.8426620673349072       -1.9273794917244291     
  -1.9996973875482000       -1.1943606445534867     
  -1.2489692452526964       0.42775058616256900     
  0.76123760686486519       0.89289170899755788     
 -0.30437816633862913       0.30820573736067697     
  -1.0853823095858894        1.0186174794497862     
  -1.6266754296226469       -1.9548135097517958     
  0.21863263884768822       -9.7095834265653908E-002
  -1.3102015710888817       0.79616547450378994     
 -0.79719646908415398       -1.5393070294344244     
  -3.1561392050274861      -0.66785949938711431     
 -0.69866174654102298      -0.27539474003057729     
  -2.0818859109834351       -1.5667614778226353     
  0.12526410987057127      -0.14139369750731234     
  -1.4645677251790830       0.76067027745835203     
  -1.0054604168309367       -1.7892622748485969     
  -2.2153125223283912        8.7063843742587646E-002
   3.1230473273244383      -0.15177903738448312     
  -1.4773190823914570       -1.8046807039196882     
  -2.8302302371145047E-002  -1.1808428181605883     
  -4.5883279134656183       -2.0799148813838411     
  -2.0757024671197066       -1.3729557172009055     
  -1.7913464539383079       -1.5985525015363049     
 -0.55298839150112833       -2.6184263135708634     
  0.42117260208990903       0.10289633510721058     
 -0.96863751972394019       0.79339605446121664     
  -3.5701567247180011      -0.71094933674075422     
  -1.6959937576852042      -0.20200540096334096     
   1.0011446770797097      -0.48261856055436186     
  -2.3769481095632483        4.3696819306600042E-003
   3.2989951460487505        2.1083763123407886E-002
  0.61443914108065156       -1.8224111878670781     
  -1.1100777405523465      -0.48399969220036948     
  -1.1711175444720285       -2.1182164072338843     
  -2.7911476964342916      -0.87016604311350298     
   5.0779679361154524E-002 -0.11786414465797869     
  -1.4633782345237718       0.77890793996229812     
 -0.99674517995947876       -1.8113656948861505     
  -1.9306219623033689       0.25950557025722282     
  0.56389188503100984       -2.0147437767017662     
  -1.0145143989442100       -1.3842060801230851     
  -4.1647197627750243       -1.6646960303467842     
  -2.6436058051411959       -1.2144638238788501     
  -5.3259730789073609       -2.3389478410636424     
  -1.8412927633662834       -1.4287041603968946     
 -0.55470651843122976       -2.1658219953763895     
   1.0270015937971921       -1.8989360781965650     
  -1.1023056553631745      -0.46440436215698350     
  -2.1355537721635978       -1.7966180010920458     
  -4.8922972905371660       -2.3662265842146986     
 -0.15184094470673015       -1.2009095485349934     
  -4.5128700000806612       -2.0995037966804966     
  -1.9588583561317940       -1.3387720321252969     
  -1.6301482501472111       -1.5992991516612538     
 -0.76559036911236045       -2.1146885340553534     
   1.2618962809897358       -1.7684829781302660     
  -2.8490703102696564       -1.4663339879512931     
  -1.6938278895092456      -0.51412812643533179     
 -0.48950838477801345       -1.7774812964029671     
  -1.6127889924060799       0.42601883985383759     
 -0.92191353510740681       -1.7720506160129423     
   1.0159227771486539      -0.58420182931636688     
  -2.6591227407647793      -0.24003075877115077     
  -1.8034124667046998       -1.8515206398827881     
  -2.3222884182988235E-002 -0.29509043345166847     
   5.6082244053457160        1.5901190989091583     
 -0.62548294483524502       -2.0855355271104208     
   6.0527121412501206        1.5490216882717947     
  -3.7613486006358716       -1.9219048361701332     
   1.1412999736448957      -0.47200239106929470     
  -2.3699855158165701       -2.7762438689211289E-002
 -0.18718998549785987      -0.17890177935286863     
  -2.1227076762182788       0.42702157220430687     
   5.7556746732288735        1.6154918264942393     
  -1.2077128914512492       -1.7893362307545380     
 -0.57942062249356652       0.26719448711107441     
  -2.8088997938451410       -9.5985755170404807E-002
  0.73429856643642877       -1.8269940276371173     
  -2.3877153084999461       -1.6402727598151614     
  0.57523082335475828        1.1196769590023155     
  -4.6201156146603167E-004  0.46282118571766506     
  -2.4470670631363389       0.25494865732910676     
  0.18145497364182231        1.6040134459329782     
  -6.0301542179105860       -2.7418912565957680     
  0.22768260304862789        1.0445781989280594     
 -0.30117480424811316       0.89024488106413091     
 -0.87351764463927051        1.1410848168346723     
  -1.0484974318586284       0.52762945598583733     
  -5.7700575689977667       -2.6599887550943158     
  -4.7175387118582330       -1.7011904550544277     
  -2.8699696827577039       -1.3901322176999493     
 -0.49514822566929295       -1.7215720364518552     
   1.0696602302818832      -0.12882478011987927     
  -1.6259739494334062       0.41781913443819518     
 -0.89683109661327398       -1.7983546389048541     
  -2.4815013095605534      -0.10405389568864128     
   2.2674695706775427      -0.92410199594097409     
  0.51195194038032377       -1.5165169446592470     
  -3.7867139280628459       -1.7385920175331786     
  -2.3204912355145342       -1.1235373901869350     
 -0.24855337480870754       -2.5305582483020057     
  -1.7167116395023145       -1.8145162697719202     
  0.40310774585638715       0.45651700891335512     
  -2.5600776839927080       0.14612181086023288     
   5.5060113876714434        1.5888197397843402     
   1.9211269700439244       -1.2740038427622367     
  -3.0843109908601014       -1.1090902719042199     
 -0.43640926771220778       -1.6006666249051611     
  0.96847632580531573       0.60894272767481028     
 -0.68721802973350110       0.35046083755034263     
  -3.7216251404799432      -0.95299033136010669     
  0.35372655895501820       -1.9546359965308573     
  0.98839381636754098       -1.9390657827418336     
 -0.83997963801851128      -0.46347833580632081     
  -5.3785696303447752       -2.4872936317488099     
  0.50132992341150628        1.1531207253756364     
   2.9443088130754511E-002  0.54842996521348275     
  -1.3645739881617667       0.98401339544469946     
 -0.89556837825872115       -1.9324025908255535     
 -0.69216381917623693       0.30823349266066935     
  -3.8782426609084006       -1.0960237408321116     
  -2.5406075250273989      -0.68576717603645099     
   1.2382236008323286        2.0315405125431819E-002
 -0.54128027314701566       -1.5093618987327850     
   1.0137277205225348       0.44559912903884663     
  -5.4568402639658853       -2.3013070697601736     
 -0.30715251656102627        1.2645418151055423     
  -4.4473692076670428       -1.5514704515602360     
  -1.6012117218749444      -0.40538167907609218     
 -0.51456322941072108       -1.6562610088151037     
   1.0735083836642647        4.7793482169464115E-002
  -1.3755230786358701       0.49343680228622838     
  -2.7609913418307204       -1.6563239162185972     
  -1.8133467133986012      -0.62494034880366045     
   1.0697292075337670       0.38790029379440510     
 -0.94879604536598316       0.44607425967971304     
  -5.8560503766579171       -2.5429278442898977     
  -1.4919740095764134E-002  -2.7975413547300465     
 -0.93807682806028081       0.75940360155642361     
  -6.0606474145008002       -2.6657545203800743     
   4.4290813154433630        1.0147293135067139     
  -1.2103217296601294       0.31766689611346571     
  -2.9236160962987752       -1.7005987210962168     
  -2.4360292041861631E-002  -1.8687169350468484     
   1.0901643572479358E-002   1.4847272908271731     
  -5.8135235444237567       -2.4014146329064396     
  -1.7893764162959755       -1.4994890643821885     
  -1.4904600586463617       -1.4894240984986273     
  0.91038613581110073      -0.87889552449905262     
  -1.7730266349579431      -0.30651421557728087     
 -0.57675382919780316       -1.8460763067628283     
   1.0949531343415413      -0.21330262804732575     
  -1.8152135316053077       0.34260246856662313     
  0.60587633310674394        1.1971784802169900     
   7.7768314384431061E-002  0.57849146443368438     
  -1.0668357094214622        1.0893329064888102     
 -0.73487267153225089       -1.4739601796309625     
  0.97243617173665253      -0.39409103596066108     
  -2.1666303043456194       0.16504948497422631     
  0.48847444418521790       -1.6924571205691712     
  -2.9545961820336029       -1.5888629564853072     
  -1.9338412296929426      -0.68019712752041239     
 -0.10561886069392150       -1.9113984914175794     
  -3.5280723458701424E-002  0.39049825621522855     
 -0.55180702381498437       0.94517289506372326     
  -2.7145642681602391      -0.82227953982877222     
   4.7182274502975172E-002   1.0922484937055577     
 -0.20682773091570977        1.0005814475730357     
 -0.65494219120093777        1.1595151730407349     
  -1.0580594821512030        1.2305289803024893     
  -1.1637706785112079       -1.7046785162012807     
  -2.5482563229540456      -0.15837529430304656     
  -1.2986154109074601       0.63080089104267967     
  -4.1256775821762117       -1.9524336105857116     
  -2.0922702560839301       -1.2608373848605039     
  0.76868481142714418       -1.0671017277038819     
  -3.9022699698118086       -1.4216215243596524     
  -2.6593110463452860      -0.99073072804615259     
  0.10228468775574398       -8.8821653314241258E-002
 -0.95664468680041437       -1.6241966171723468     
  0.71306480375265391       -1.0043659718639475     
  -2.6049839546516327      -0.85490485190127963     
  -5.8727046957849751       -2.3547832437601057     
  -1.7411388753013495       -1.7046176157107227     
  -2.0331078072082125       0.66027072815955423     
   2.5914523308775500E-002  0.90724031673165006     
 -0.14792764511570994       0.83850116038417344     
  -2.2366040056157419       0.43736681850706249     
  -1.5553461757259952       0.93607721535855792     
   1.4074486412802616       -1.6351720440576145     
  -1.9878621360570283      -0.59421903656364172     
  -8.6738603332510072E-002  -1.9470717756645473     
  0.56237621426780626        1.2017449580743031     
   6.8891682058902448E-002  0.59787148488718900     
 -0.98568136387717831        1.1035084015584695     
  -2.2810400447363453E-002  -1.2472465695820223     
  -2.0402830602010771       -1.3450562531965935     
  0.95327822497108894       0.18668330702554231     
  -1.1190836946498597       0.53877624863828155     
  -4.7365588478765588       -2.3516981165255446     
  -3.2361708385429822      -0.68998454709460577     
 -0.99669733024856455      -0.24124914160087146     
 -0.26478414545524104       -2.7842379966265169     
  0.28723536077962719      -0.22846731972769044     
  -1.6182178151618101       0.65221299983852465     
 -0.64993514263148167       -2.0136685422407541     
 -0.60841488317489312       0.28579908397243831     
  -3.0454637109238281      -0.31352694719944346     
  -1.2247580539983560       -1.4633657835921068     
  0.46018762818185510       -1.3069898684948962     
  -2.3628934682480756       -1.2885531459080461     
  0.13176415273817740       -9.8330526074838234E-002
 -0.95771077268614713       -1.6171448971306499     
  0.70576363768134431       -1.0063109511002022     
  -3.7824008886702405       -1.2922869719229426     
  -2.6085096634205795      -0.85079482535561712     
  -1.7887262252250609       -1.5713591017971491     
  -2.2480770953192746       -1.7866712146837214     
  0.55174178841308830        1.1460517807411490     
   3.6170149248672290E-002  0.52269941488631455     
 -0.41496170889318174       0.85560291085239748     
  -1.5564089191661654       0.89508370353285005     
  -1.1127558839820226       -2.0890352046453118     
 -0.43992240584823961       -2.7169099927760181     
  0.29457941600008963      -0.18932924917055124     
  -1.5268267107390834       0.70292836623779120     
   1.1712320374010823       -4.7108556353719973E-002
  -1.5450441264392767       0.42319955132274484     
  0.81241675003951141      -0.86508805149259560     
  -3.4471700868061399      -0.94362239815075633     
  -1.8566555918715368      -0.34051454183302649     
 -0.40897758507708526       -1.9416416381887123     
  -1.1746532190032333       0.46123052657810704     
  -3.4875960665033112       -1.8076235103852518     
   1.1590898836196792      -0.43151936827552595     
  -2.2677062824694971        4.7771526659682262E-002
   3.0804414652427572      -0.19152629628483456     
  -5.8736580272243000       -2.7524478178384064     
 -0.66281234608353945        1.1845759147166635     
  -6.1952942870676742       -2.6978974818442056     
 -0.28198770560161729        1.2983452873045935     
  -4.6578730240483592       -1.7189560674360527     
  -1.5229422083845738      -0.43651219053747015     
 -0.37061349193299720       -1.5670704421291446     
  -6.1875261489881161       -2.5375796344418089     
 -0.59193849671017229       -2.6860803334811356     
  0.15496591909114157      -0.33744667061707123     
  -2.0669612256099961       0.40702803071973809     
   1.1756125533595292       0.73847191670790024     
 -0.55862275658878668       0.19665109068159009     
  0.53815372019855079       -1.8394678102629329     
  -2.0505523429176873       -1.7542659505881077     
 -0.51787067301848266      -0.46689178017209199     
  -4.7582632841562074       -1.9245546411179639     
 -0.81834165998346131      -0.42605431165089297     
  -5.4477476271763452       -2.4772118112692021     
  0.22921580448070644       -1.0374757896028457     
  -4.3923664414345271       -1.7865220746083297     
 -0.80083449196271062      -0.40252708090254363     
  -5.4547225049791876       -2.4542864677691831     
   1.0330212799713812       0.25142928213015142     
  -1.0848888812859347       0.51020179997267923     
  -5.2972820973960513       -2.5638580507303450     
 -0.61853480809341244       -2.5085387830202275     
 -0.19470410365693386       0.54874712917845447     
 -0.53487331019641704        1.0366720175695650     
  -2.8193484575197303       -1.3603030665290858     
  -1.5280883429462380      -0.40889943841878240     
 -0.33478999893919731       -1.5675470064752066     
   5.8448500171754256        1.5152867915804211     
  -4.5654122362021718       -2.0434649545885843     
  -2.1588294843256737       -1.3714592604098381     
  -1.3007453786109817        1.0425704968084362     
   1.1158667367420321       0.48069457988562614     
 -0.87514683158144080       0.37565854956571704     
  -1.8900411672277633       -1.5568107000246134     
  -4.3978022959159535       -1.4624998655789387     
  -2.9939312534937197       -1.2107313010877183     
  -1.6051878373666397      -0.38036087483508124     
   1.0722283567318898        2.5432330421739924E-003
  -1.4309639419019320       0.49020997973149888     
   1.0485374242026819       -6.6916907699019701E-002
  -1.5189425251862125       0.48360345579333586     
 -0.86477831696791374       -1.6669880329564331     
  0.79245591466610166      -0.89074411273562393     
  -2.0308241396909148      -0.40925672865858698     
   1.5434820462264062E-002  -2.0134522579429972     
  -5.3827185314390089       -2.1871713508504498     
  -1.8639128555093103       -1.7152768202325117     
  0.37113159997829481       0.26641674644563845     
 -0.73330975089102235       0.77873852638090846     
  -2.0362636087292723       -1.6422105827748519     
  -3.6070583300291649E-002 -0.27335088753331038     
  -2.1104179857837475       0.39717848384253063     
   5.3733893336528427        1.5178874188617146     
  -2.7502113423003087      -0.77329752232980375     
 -0.20627037435067475        1.2276732693607797     
   5.5368296517861433        1.5959994512458930     
   1.0018833183588438       -1.8785493593499607     
  -2.4815449198038091       -1.5770466749577681     
  -1.2759640015794140      -0.45796342063915590     
  -2.8545935181339748      -0.36489902447957517     
   1.2411100441433431      -0.11920594692043385     
 -0.85476445161328551       -1.8226646709538215     
   1.0603498672254716      -0.46465095387232130     
  -2.3043531523062675        2.7800825216121837E-002
   3.3439778699190517        6.1828350301724073E-002
  -3.0992306425770284       -1.4913954684458011     
  -2.0628708364064825      -0.65563400761992829     
   6.2632053648681019E-002  -1.9099254179434177     
   5.9231597964117402        1.5288921556371464     
  -2.1475910633844726       0.20519198233227992     
   3.5313047356485092       0.22846554861907681     
  -1.1228170512943332       -1.8689506651824228     
  0.26629912248646637        1.4429363247057445     
  -2.9167432640349924      -0.14258516372692759     
  0.47281542443660507       -1.6507945467181793     
  -2.1421850299984841      -0.81745514282632825     
  0.24536873633909118       -1.6950699518417420     
  -1.4239172996234646      -0.50959288135311120     
  -9.5357983031378518E-002  -1.4184503413673832     
  -3.6084706391164576       -1.7614310256475598     
  -2.2328381767139964       -1.0836800734287761     
  -1.2109265406816627       -1.9628881709550592     
  -1.3342267492426199       -1.4114747177263749     
  0.46586277377408425       -1.3347787563964322     
  -4.2124635891350177       -1.8610327977076504     
  0.30774894924813961       0.16889657705149669     
 -0.82745159436568194       0.83480035174446765     
 -0.66717371024658934       -2.6352718206371319     
  0.14680495500594909      -0.32053635912017248     
  -2.0009881093892155       0.44561638467406717     
   3.9841074001525856       0.62635331121114690     
 -0.89335735995154575       0.23154811359429164     
  -5.5536854097178168       -2.3712788671074341     
  -1.3005996369637067       -1.4355883245378713     
  0.44209246911230921       -1.3309094211143102     
  -4.2021766743139564       -1.8454824951540376     
  -2.3636667993337985       -1.2736966141052619     
  -1.0686229652965502       0.85732220946202886     
   5.6786975730190079        1.4835099701300720     
 -0.89892084664245053       -1.5107999781201891     
  0.65489570739178637       -1.0041100394499731     
  -2.6538691000482135      -0.92688670618146640     
  0.35301216881329273       0.46023345167767776     
  -2.3247337587591224       0.34609285594348854     
  0.41582048342974509        1.5075329127850527     
  -4.8565658688614119       -1.8557683613772569     
  -2.5672465927442976       -1.4680860461747924     
  0.92617811559464425       0.57167043819039109     
 -0.72099667195600559       0.40885255830431283     
  -2.8992393343577838       -1.0697824881576834     
  -1.0950771642876975      -0.31696633961152343     
  -3.8768349877740178       -1.9397318386881890     
  -1.9759259764082759       -1.2103230280647377     
  -1.3683479958070619       0.42125648025302681     
  -2.9613183666132421E-002  -1.2871782115512074     
  -2.0548754651527568       -1.3176279367814860     
 -0.24368463565608284       -2.2714924840079327     
 -0.80374438824725247       -2.1255879849274204     
   7.0282625361015288E-002  -1.1428802105798814     
  -4.6306465869849793       -2.0444925605766158     
  -2.1726106224887221       -1.4070622393632197     
  0.37378981342649698       0.39634612268091207     
  -3.2225753127908656      -0.46449335888116000     
 -0.15714078817522606      -0.18404854530787765     
   5.3529349791326082        1.5076832687882442     
   2.2980354497714006      -0.94986491730776523     
  -2.5002098235080221      -0.57470630328520933     
  0.49032979657182846       -1.5302867174349930     
  -2.3228211581138098       -1.1025852331376533     
 -0.37541565627478268       -2.7180463268956716     
  -1.2403949087343249       0.78221566269581255     
 -0.31182426331460716       -1.3780328215075226     
  -2.9334776354528502       -1.6548994440141906     
  -1.9804756046632030      -0.72299344205185312     
   6.8466113939905870E-002   1.4643607120159552     
  -4.8235097757530419       -1.8283443310029148     
  -2.6404222409137517       -1.4419281175983190     
  -1.3453852654339677      -0.42493690058935080     
  -4.2804373548826646       -1.7328162314567221     
  -2.6049304330984935       -1.2679694256169278     
  -5.4096467484171873       -2.4120567472961003     
  -1.3951113440798437       -1.3455489416729849     
  0.37154032707840656       -1.4149372822330761     
  -4.0845982745434215       -1.8603699464111256     
 -0.95105001516837628        1.2367048282366011     
 -0.91505433461892882       -1.5126217959835342     
  -3.7757341963999180       -1.2640581958435679     
  -2.5883221304109645      -0.80249819772556941     
 -0.51059627140954500       -1.3518984861248831     
   1.6345846227634342       -1.5451354045581345     
  -1.9143633888196323      -0.52099058569973511     
 -0.23515909887713254       -1.9469322184902269     
  0.97659251866044894       0.68070862750333405     
 -0.63193869767716160       0.31957725385536562     
 -0.39418558640238421      -0.25193007363506964     
  -3.3348862675101514      -0.63326401952714206     
  -4.7669082033968229       -2.3368270973198602     
 -0.21514702057846297       -1.2192524851808286     
  -4.3720980430655931       -2.0616774623325456     
  -1.9553926712666068       -1.3127595692072902     
  -2.8209071969720059       -1.4776402162499045     
  -1.7111149407501789      -0.49896806451805220     
   1.0873348706693078      -0.10140795628006234     
  -1.5892607652707447       0.44818228628848417     
 -0.89174326314322372       -1.7652905476230054     
  0.95554328688455259      -0.68812761333157468     
  -1.5207287572526988       -1.5990460322253024     
  0.93547771740338048       0.89372462275821485     
 -0.32688923496609218       0.23013872595082638     
  -1.3151335266268969       0.93864727808860660     
  0.99639228292749560      -0.66381433471062812     
  -2.8597932570898772      -0.41391468491956562     
 -0.21092367213702107       -1.3114610422037740     
  -3.9352924540005882       -1.8871923852968411     
  -2.1250199477572220       -1.2138291632824103     
  -1.5766364697361877       -1.5861414760236017     
  -3.0710488452471365       -1.7313113356969045     
  -2.0608441681965726      -0.85681885912566247     
  -2.0319952463691116       -1.7876457259768495     
 -0.62017190539820888      -0.46836039553797942     
  -5.0836886150727105       -2.1851266418367405     
  -2.0475803548482037       -1.5305797794621765     
 -0.59622649175044806       0.70444390255705391     
  -3.0750738032708491      -0.31849472291698172     
  -2.0964071409883904       -1.8368524259924590     
 -0.97119588885832975      -0.51036621372550839     
  -1.4976405613931394       -1.3086345799145263     
  0.33292244135280868       -1.4661667615553058     
  -2.2773291322014546       -1.1927992174765545     
  -4.8685709936122663       -1.8229961952315707     
  -2.6648594009795059       -1.4505379269788774     
  -1.4100646114026194      -0.43321617085135877     
  -4.1719508003702606       -1.9511786256939840     
  -2.1285368583673154       -1.2692372703547894     
  0.51906198914812662        1.3994845522621966     
 -0.87817720299789825        1.2075347017534610     
  -3.4995590288475417E-002  -1.2614984930677815     
  -4.4381804070366835       -2.0600900991413660     
  -1.2306415664474237       -1.4329775890912297     
  0.40818847677316250       -1.3340445766134545     
  -2.3291948225096046       -1.2844374242384509     
 -0.83299704808133468       0.82087620566437125     
  -6.0175696796775577       -2.5436091528688616     
  0.47823963740617875       0.13680462904448548     
 -0.93065023440317562       0.77449226273807426     
  -5.9772318624468941       -2.6679048714744487     
  -2.4478362068400563       0.33619561740957282     
 -0.50231621609477650        1.2139446489908132     
  -5.9227694179464825       -2.4567037517800054     
  0.43370923783979948       -1.3748562885674627     
  -4.1855012378162506       -1.8689132260855583     
  -2.3010472668941890       -1.2700753786750696     
  0.36314830624684646       0.56686940125467533     
  -1.4987356514980315       0.90299061087988641     
 -0.28557889482686016       -2.1195738954239944     
  -1.5450311261602307       0.93951196374111368     
  -2.8988948253066971       -1.4745411316099448     
  -1.8213331074342365      -0.53872475629523431     
   1.1024875029979673       0.23210289326958289     
  -1.1352729118077911       0.48235171050611320     
  -4.4236741122928418       -2.2096572809023360     
  -1.1170938033770423       -1.3075419637311958     
  -4.3169699703544033       -1.8847875210147662     
  -2.3527180136471721       -1.3078277936017091     
  -1.3735713451052487       0.80519821118560853     
  -1.0301794762329184       -1.6500061123441350     
  0.81118469605176158      -0.92381988250029967     
  -3.6011805779559847       -1.1078752002751400     
  0.23776685346330206       -1.8923865094482126     
   1.5750165965447387       -1.5791597261596606     
  -1.9310269123938621      -0.53432062195510233     
 -0.20955976916941210       -1.9482496785337786     
  0.92240637750507681       0.78383505994003699     
 -0.49491612342298019       0.28534923035748777     
   2.4599903185100302E-002   1.6108191513781294     
  -4.7080950653857565       -2.3593267376134408     
  0.93412563257421866        8.7253662340954052E-002
  -1.2572886655814637       0.56534746024401639     
  -2.9470498901678712      -0.43932793357707495     
  0.74445305620788793      -0.52151730049354961     
   3.5388156912426889       0.24975115540410067     
   6.2267580834798704        1.6699043063134882     
 -0.62925764551505148       -1.4267886611607254     
   1.0378922102553598       0.27423149636948302     
  -5.6638722517864482       -2.6428121817831118     
  -5.2195104092619866       -2.0241048283008447     
 -0.44551219736140657      -0.42819777300208522     
